0 15314 12079025 0.044223 0.000555 0.500883 0.000003 0.088291 0.001108 -0.000000 0.003271 0.001195 0.000636 0.500883 0.000003 0.002385 0.001270 0.059530 0.682296 0.044969 0.000635 0.426346 0.000006 0.105475 0.001490 -0.021012 0.010970 0.002016 0.000495 0.426346 0.000006 0.004729 0.001160 -0.879072 0.249425
1 15314 12079026 0.044991 0.000334 0.500883 0.000002 0.089824 0.000666 -0.000000 0.000938 0.001094 0.000362 0.500883 0.000002 0.002184 0.000724 -0.300314 0.269558 0.044826 0.000370 0.426346 0.000003 0.105139 0.000868 -0.006947 0.006406 0.001032 0.000333 0.426346 0.000003 0.002420 0.000781 -0.197116 0.252904
2 15314 12079027 0.045622 0.000286 0.500883 0.000001 0.091083 0.000571 -0.026825 0.004904 0.001095 0.000318 0.500883 0.000001 0.002187 0.000636 0.017543 0.691049 0.044838 0.000318 0.426346 0.000003 0.105169 0.000746 -0.018565 0.005495 0.001503 0.000285 0.426346 0.000003 0.003526 0.000668 -0.223675 0.149711
3 15314 12079028 0.045787 0.000368 0.500883 0.000002 0.091413 0.000735 -0.030172 0.006284 0.000915 0.000415 0.500883 0.000002 0.001826 0.000829 0.000000 6.272126 0.043114 0.000415 0.426346 0.000004 0.101125 0.000973 0.000000 0.029578 0.002186 0.000368 0.426346 0.000004 0.005127 0.000863 0.016233 0.263431
4 15314 12079030 0.044922 0.000311 0.500883 0.000001 0.089686 0.000621 -0.000000 0.000718 0.001580 0.000357 0.500883 0.000001 0.003155 0.000712 0.162626 0.174936 0.042871 0.000358 0.426346 0.000003 0.100555 0.000839 -0.010134 0.006447 0.000921 0.000305 0.426346 0.000003 0.002161 0.000715 0.285753 0.271436
5 15314 12079031 0.046234 0.000568 0.500883 0.000003 0.092306 0.001133 -0.041673 0.009562 0.001241 0.000572 0.500883 0.000003 0.002477 0.001141 -0.698394 0.444484 0.043763 0.000630 0.426346 0.000006 0.102646 0.001478 -0.036896 0.011158 0.001243 0.000539 0.426346 0.000006 0.002916 0.001264 0.466907 0.380462
6 15314 12079037 0.044616 0.000681 0.454110 0.000007 0.098248 0.001499 -0.000000 0.020098 0.002336 0.000717 0.454110 0.000007 0.005144 0.001579 -0.611323 0.285028 0.041483 0.000775 0.411511 0.000005 0.100806 0.001884 -0.011899 0.014431 0.001578 0.000677 0.411511 0.000005 0.003834 0.001645 0.133183 0.332568
7 15314 12079038 0.045866 0.000344 0.454110 0.000003 0.101002 0.000757 -0.000000 0.001008 0.000394 0.000365 0.454110 0.000003 0.000868 0.000803 0.622754 0.811318 0.040965 0.000389 0.411511 0.000002 0.099548 0.000946 -0.028564 0.007352 0.000780 0.000344 0.411511 0.000002 0.001896 0.000837 -0.073181 0.390226
8 15314 12079040 0.046282 0.000425 0.454110 0.000004 0.101918 0.000935 -0.000000 0.001511 0.000891 0.000472 0.454110 0.000004 0.001962 0.001039 -0.170893 0.406120 0.040396 0.000475 0.411511 0.000003 0.098166 0.001155 -0.018981 0.009090 0.001751 0.000423 0.411511 0.000003 0.004256 0.001027 -0.238772 0.190035
9 15314 12079042 0.045354 0.000449 0.454110 0.000004 0.099875 0.000988 -0.027455 0.007687 0.000771 0.000412 0.454110 0.000004 0.001697 0.000906 -2.064089 0.601425 0.037813 0.000492 0.411511 0.000003 0.091889 0.001196 -0.024484 0.010055 0.000828 0.000445 0.411511 0.000003 0.002012 0.001083 -0.260218 0.418240
10 15314 12079043 0.045454 0.000462 0.454110 0.000004 0.100095 0.001017 -0.000000 0.002756 0.000911 0.000456 0.454110 0.000004 0.002006 0.001005 -0.760890 0.498694 0.037427 0.000512 0.411511 0.000003 0.090950 0.001245 -0.014764 0.010560 0.001872 0.000436 0.411511 0.000003 0.004549 0.001059 -0.622226 0.208485
11 15314 12079045 0.046348 0.000455 0.447399 0.000002 0.103595 0.001017 -0.000000 0.001230 0.001184 0.000501 0.447399 0.000002 0.002645 0.001120 0.079295 0.326666 0.038053 0.000501 0.287030 0.000004 0.132577 0.001745 -0.019160 0.010166 0.001446 0.000454 0.287030 0.000004 0.005037 0.001583 0.064652 0.240011
12 15314 12079046 0.045792 0.000460 0.447399 0.000002 0.102351 0.001028 -0.000000 0.001781 0.001180 0.000514 0.447399 0.000002 0.002638 0.001148 0.078542 0.347374 0.037307 0.000513 0.287030 0.000004 0.129978 0.001788 -0.009013 0.010615 0.001637 0.000454 0.287030 0.000004 0.005702 0.001582 0.206404 0.222082
13 15314 12079047 0.046115 0.000474 0.447400 0.000002 0.103074 0.001058 -0.000000 0.002402 0.000742 0.000426 0.447400 0.000002 0.001659 0.000952 1.226279 0.683504 0.037798 0.000528 0.287030 0.000004 0.131687 0.001840 -0.025044 0.010772 0.001282 0.000465 0.287030 0.000004 0.004468 0.001621 0.254866 0.293660
14 15314 12080001 0.044571 0.000477 0.447400 0.000003 0.099622 0.001067 -0.000000 0.011093 0.000754 0.000518 0.447400 0.000003 0.001686 0.001159 0.558132 0.591877 0.035884 0.000546 0.287030 0.000004 0.125017 0.001903 -0.002661 0.012891 0.001550 0.000477 0.287030 0.000004 0.005399 0.001663 0.032453 0.431527
15 15314 12080004 0.044818 0.000481 0.447399 0.000003 0.100174 0.001075 -0.024726 0.008342 0.000863 0.000496 0.447399 0.000003 0.001930 0.001108 -0.743640 0.565525 0.036326 0.000555 0.287030 0.000004 0.126557 0.001933 0.000000 0.024093 0.001332 0.000477 0.287030 0.000004 0.004639 0.001662 -0.275624 0.282469
16 15315 12080010 0.046517 0.000442 0.490541 0.000002 0.094829 0.000901 -0.000000 0.001354 0.004353 0.000518 0.490541 0.000002 0.008874 0.001056 -3.139447 0.092910 0.045825 0.000518 0.432976 0.000005 0.105838 0.001197 -0.014676 0.008839 0.002913 0.000443 0.432976 0.000005 0.006728 0.001024 3.081942 0.118486
17 15315 12080011 0.047258 0.000236 0.490541 0.000001 0.096339 0.000482 -0.029393 0.003898 0.003453 0.000275 0.490541 0.000001 0.007039 0.000561 3.083213 0.062317 0.045386 0.000276 0.432976 0.000002 0.104824 0.000637 -0.012268 0.004737 0.003072 0.000237 0.432976 0.000002 0.007096 0.000547 3.131154 0.060054
18 15315 12080012 0.047192 0.000242 0.490541 0.000001 0.096204 0.000494 -0.000000 0.000380 0.003143 0.000285 0.490541 0.000001 0.006408 0.000581 -3.079186 0.070519 0.044717 0.000285 0.432976 0.000003 0.103279 0.000658 -0.021949 0.004965 0.003043 0.000246 0.432976 0.000003 0.007029 0.000569 -3.086231 0.063357
19 15315 12080017 0.048018 0.000252 0.490541 0.000001 0.097888 0.000514 -0.030476 0.004089 0.003035 0.000302 0.490541 0.000001 0.006188 0.000615 3.108551 0.077278 0.044733 0.000302 0.432976 0.000003 0.103315 0.000698 -0.014532 0.005246 0.003270 0.000253 0.432976 0.000003 0.007553 0.000583 3.088422 0.060094
20 15315 12080018 0.047711 0.000265 0.462562 0.000002 0.103145 0.000574 -0.000000 0.000431 0.003146 0.000306 0.462562 0.000002 0.006801 0.000663 3.120434 0.075804 0.043734 0.000307 0.370400 0.000003 0.118071 0.000828 -0.019102 0.005458 0.002989 0.000266 0.370400 0.000003 0.008070 0.000718 3.020533 0.069252
21 15315 12080020 0.048199 0.000404 0.462562 0.000002 0.104199 0.000874 -0.025156 0.006524 0.003114 0.000461 0.462562 0.000002 0.006732 0.000996 2.890372 0.119661 0.043346 0.000468 0.370400 0.000004 0.117024 0.001264 -0.027373 0.008400 0.003877 0.000405 0.370400 0.000004 0.010468 0.001093 3.052946 0.081181
22 15316 12080052 0.046072 0.000319 0.410915 0.000003 0.112121 0.000777 -0.031504 0.005380 0.001168 0.000357 0.410915 0.000003 0.002841 0.000868 3.014072 0.239235 0.045317 0.000358 0.472452 0.000002 0.095918 0.000757 -0.011047 0.006120 0.001089 0.000315 0.472452 0.000002 0.002306 0.000667 2.821873 0.232288
23 15316 12080053 0.045344 0.000664 0.410915 0.000006 0.110349 0.001615 -0.052665 0.011347 0.000481 0.000746 0.410915 0.000006 0.001170 0.001816 -2.632718 1.297616 0.046312 0.000778 0.472452 0.000005 0.098024 0.001647 0.000000 0.020117 0.001273 0.000659 0.472452 0.000005 0.002694 0.001396 2.897233 0.407800
24 15316 12080054 0.046084 0.000334 0.410915 0.000004 0.112151 0.000813 -0.033581 0.005630 0.000000 0.000000 0.410915 0.000004 0.000000 0.000000 0.000000 0.000000 0.000000 0.000000 0.472452 0.000003 0.000000 0.000000 0.000000 0.000000 0.000949 0.000332 0.472452 0.000003 0.002008 0.000702 2.879516 0.276823
25 15316 12080055 0.046802 0.000271 0.410915 0.000002 0.113896 0.000660 -0.000000 0.000369 0.001554 0.000315 0.410915 0.000002 0.003783 0.000766 -2.973387 0.157594 0.045272 0.000315 0.472452 0.000002 0.095823 0.000667 -0.021973 0.005384 0.001041 0.000255 0.472452 0.000002 0.002204 0.000540 2.505059 0.221088
26 15316 12080058 0.047040 0.000439 0.410915 0.000004 0.114477 0.001069 -0.038266 0.007277 0.001571 0.000514 0.410915 0.000004 0.003823 0.001250 -2.966294 0.254896 0.046193 0.000515 0.414614 0.000004 0.111411 0.001242 -0.009108 0.008620 0.001544 0.000438 0.414614 0.000004 0.003724 0.001057 2.960810 0.222614
27 15316 12080059 0.047344 0.000384 0.448048 0.000003 0.105667 0.000856 -0.033272 0.006316 0.001648 0.000434 0.448048 0.000003 0.003679 0.000969 -2.734245 0.217937 0.045252 0.000446 0.397841 0.000005 0.113744 0.001120 -0.027753 0.007617 0.002016 0.000381 0.397841 0.000005 0.005068 0.000958 2.891764 0.149965
28 15316 12080062 0.045631 0.000457 0.448048 0.000004 0.101844 0.001021 -0.035315 0.007813 0.002905 0.000539 0.448048 0.000004 0.006483 0.001203 2.950512 0.147041 0.045484 0.000544 0.397841 0.000006 0.114327 0.001367 -0.016501 0.009239 0.001824 0.000457 0.397841 0.000006 0.004586 0.001149 3.007854 0.195679
29 15316 12080066 0.047608 0.000304 0.448048 0.000002 0.106256 0.000678 -0.028428 0.004958 0.002675 0.000345 0.448048 0.000002 0.005970 0.000770 -3.079295 0.100516 0.044719 0.000345 0.397841 0.000004 0.112405 0.000866 -0.000000 0.001569 0.001747 0.000295 0.397841 0.000004 0.004391 0.000742 2.688688 0.141392
30 15316 12080067 0.046896 0.000383 0.448048 0.000003 0.104667 0.000854 -0.033430 0.006351 0.002109 0.000450 0.448048 0.000003 0.004707 0.001004 3.001237 0.168542 0.044883 0.000452 0.397841 0.000005 0.112818 0.001136 -0.013494 0.007847 0.001354 0.000381 0.397841 0.000005 0.003403 0.000958 2.915991 0.221782
31 15316 12080068 0.046081 0.000437 0.419300 0.000004 0.109901 0.001041 -0.030934 0.007371 0.002176 0.000530 0.419300 0.000004 0.005190 0.001264 -3.004765 0.190400 0.045336 0.000530 0.407314 0.000004 0.111306 0.001302 -0.009666 0.009118 0.001531 0.000436 0.407314 0.000004 0.003759 0.001071 2.978403 0.222427
32 15316 12080069 0.046379 0.000456 0.419300 0.000004 0.110610 0.001088 -0.000000 0.001290 0.003736 0.000536 0.419300 0.000004 0.008909 0.001279 2.887079 0.116681 0.044317 0.000545 0.394164 0.000006 0.112433 0.001382 -0.000000 0.003859 0.002703 0.000445 0.394164 0.000006 0.006858 0.001129 2.705664 0.136970
33 15316 12080070 0.046368 0.000533 0.419300 0.000005 0.110584 0.001272 -0.000000 0.002660 0.001949 0.000618 0.419300 0.000005 0.004647 0.001475 3.034937 0.249805 0.043583 0.000620 0.394164 0.000006 0.110572 0.001573 -0.022232 0.011114 0.001547 0.000533 0.394164 0.000006 0.003926 0.001351 2.958714 0.268723
34 15322 12081011 0.046209 0.000193 0.506967 0.000001 0.091148 0.000381 -0.026780 0.003281 0.001761 0.000245 0.506967 0.000001 0.003474 0.000483 0.180789 0.108315 0.042901 0.000246 0.421160 0.000002 0.101863 0.000584 -0.002254 0.004420 0.001893 0.000193 0.421160 0.000002 0.004495 0.000458 0.048704 0.080127
35 15322 12081012 0.046767 0.000236 0.506967 0.000002 0.092248 0.000465 -0.030612 0.003956 0.001975 0.000297 0.506967 0.000002 0.003897 0.000586 0.345652 0.121731 0.042294 0.000303 0.421160 0.000002 0.100422 0.000719 -0.009319 0.005512 0.001600 0.000236 0.421160 0.000002 0.003798 0.000560 -0.000000 5.994646
36 15322 12081023 0.046068 0.000522 0.475480 0.000005 0.096887 0.001098 -0.000000 0.002022 0.000720 0.000691 0.475480 0.000005 0.001514 0.001453 0.254138 0.705693 0.042610 0.000697 0.348747 0.000005 0.122179 0.002000 -0.033636 0.012513 0.000883 0.000448 0.348747 0.000005 0.002532 0.001286 -1.029427 0.549837
37 15322 12081024 0.046251 0.000291 0.475480 0.000003 0.097273 0.000611 -0.023116 0.004913 0.000762 0.000384 0.475480 0.000003 0.001602 0.000807 -0.058110 0.611054 0.041287 0.000385 0.361859 0.000002 0.114096 0.001063 -0.035199 0.007110 0.000972 0.000255 0.361859 0.000002 0.002686 0.000704 -0.947257 0.274995
38 15322 12081025 0.045117 0.000464 0.461025 0.000005 0.097861 0.001007 -0.024819 0.008044 0.001521 0.000499 0.461025 0.000005 0.003300 0.001082 1.229452 0.397960 0.040881 0.000626 0.322234 0.000004 0.126869 0.001944 -0.049859 0.011693 0.001540 0.000398 0.322234 0.000004 0.004779 0.001234 -1.042673 0.283087
39 15324 12081050 0.045600 0.000190 0.436365 0.000001 0.104500 0.000436 -0.023569 0.003275 0.000389 0.000206 0.436365 0.000001 0.000891 0.000471 2.129131 0.594851 0.045114 0.000246 0.448784 0.000002 0.100525 0.000548 0.000000 0.002960 0.000505 0.000180 0.448784 0.000002 0.001125 0.000401 0.494506 0.317565
40 15324 12081052 0.045677 0.000267 0.436365 0.000002 0.104676 0.000613 -0.034742 0.004591 0.000932 0.000293 0.436365 0.000002 0.002136 0.000671 -2.080757 0.354742 0.044591 0.000350 0.448784 0.000003 0.099360 0.000780 0.000000 0.010744 0.000699 0.000267 0.448784 0.000003 0.001558 0.000595 0.035595 0.608759
41 15324 12081054 0.045655 0.000239 0.436365 0.000002 0.104626 0.000548 -0.023471 0.004105 0.001105 0.000266 0.436365 0.000002 0.002532 0.000610 -2.133106 0.265689 0.045134 0.000314 0.448784 0.000002 0.100570 0.000700 -0.000000 0.001683 0.000351 0.000211 0.448784 0.000002 0.000783 0.000470 -0.912081 0.613775
42 15324 12081055 0.045866 0.000212 0.436365 0.000002 0.105109 0.000487 -0.032749 0.003633 0.000156 0.000245 0.436365 0.000002 0.000358 0.000561 0.876832 1.474784 0.045472 0.000279 0.448784 0.000002 0.101323 0.000621 -0.003610 0.004702 0.000415 0.000212 0.448784 0.000002 0.000924 0.000473 0.040212 0.948805
43 15324 12081056 0.046064 0.000223 0.436365 0.000002 0.105564 0.000512 -0.025740 0.003799 0.000475 0.000285 0.436365 0.000002 0.001088 0.000652 3.011976 0.463404 0.045474 0.000286 0.448784 0.000002 0.101327 0.000636 0.000000 0.003080 0.000885 0.000220 0.448784 0.000002 0.001971 0.000491 0.204923 0.200553
44 15324 12081057 0.045234 0.000420 0.436365 0.000003 0.103661 0.000963 -0.000000 0.002563 0.000646 0.000522 0.436365 0.000003 0.001480 0.001197 2.747034 0.673823 0.043535 0.000541 0.448784 0.000004 0.097006 0.001205 0.000000 0.004557 0.000854 0.000420 0.448784 0.000004 0.001903 0.000935 -0.170162 0.377726
45 15324 12081069 0.045656 0.000303 0.507021 0.000002 0.090048 0.000598 -0.040142 0.005196 0.000806 0.000398 0.507021 0.000002 0.001589 0.000785 -3.121760 0.374742 0.045074 0.000397 0.391104 0.000003 0.115247 0.001016 -0.000000 0.001931 0.000551 0.000286 0.391104 0.000003 0.001409 0.000731 -0.619622 0.462725
46 15324 12082001 0.044549 0.000286 0.507021 0.000002 0.087864 0.000564 -0.000000 0.000936 0.000474 0.000302 0.507021 0.000002 0.000934 0.000597 -1.138349 0.757698 0.046275 0.000376 0.391104 0.000003 0.118320 0.000961 -0.042099 0.006211 0.000852 0.000281 0.391104 0.000003 0.002178 0.000719 0.239044 0.266713
47 15324 12082003 0.044035 0.000307 0.380323 0.000003 0.115784 0.000806 -0.023868 0.005432 0.000669 0.000382 0.380323 0.000003 0.001759 0.001003 -2.629554 0.486205 0.046640 0.000398 0.441765 0.000002 0.105577 0.000902 -0.053602 0.006530 0.000759 0.000289 0.441765 0.000002 0.001717 0.000655 0.497902 0.339575
48 15324 12082007 0.044130 0.000837 0.398419 0.000007 0.110763 0.002100 -0.061765 0.014795 0.000695 0.001050 0.398419 0.000007 0.001745 0.002634 -0.582356 1.253445 0.046475 0.001130 0.364593 0.000007 0.127470 0.003100 -0.046068 0.018532 0.000588 0.000701 0.364593 0.000007 0.001613 0.001923 -1.112571 1.281813
49 15325 12082022 0.044856 0.000182 0.492122 0.000001 0.091148 0.000371 -0.000000 0.000189 0.000928 0.000229 0.492122 0.000001 0.001887 0.000465 3.105819 0.190999 0.044947 0.000229 0.444541 0.000001 0.101109 0.000515 -0.023483 0.003952 0.000526 0.000176 0.444541 0.000001 0.001184 0.000397 2.643574 0.287849
50 15325 12082023 0.044705 0.000190 0.492122 0.000001 0.090842 0.000386 -0.023413 0.003329 0.000435 0.000242 0.492122 0.000001 0.000884 0.000492 3.107737 0.429431 0.044348 0.000243 0.444541 0.000001 0.099762 0.000546 -0.019495 0.004232 0.000678 0.000190 0.444541 0.000001 0.001525 0.000428 2.990191 0.220398
51 15325 12082024 0.045763 0.000379 0.492122 0.000002 0.092990 0.000771 -0.026892 0.006489 0.000949 0.000486 0.492122 0.000002 0.001927 0.000987 -3.057449 0.393336 0.044385 0.000486 0.444541 0.000003 0.099844 0.001094 -0.018708 0.008437 0.001609 0.000341 0.444541 0.000003 0.003620 0.000766 2.292042 0.212576
52 15335 12083009 0.030871 0.000454 0.468131 0.000002 0.065945 0.000970 0.000640 0.053150 0.000254 0.000469 0.468131 0.000002 0.000543 0.001001 -0.003746 6.098511 0.034325 0.000468 0.450557 0.000003 0.076184 0.001039 -0.066500 0.010328 0.000710 0.000451 0.450557 0.000003 0.001575 0.001000 -0.339124 0.504662
53 15335 12083010 0.031208 0.000484 0.468131 0.000004 0.066666 0.001034 -0.000000 0.006558 0.000000 0.000000 0.468131 0.000004 0.000000 0.000000 0.000000 0.000000 0.000000 0.000000 0.450557 0.000005 0.000000 0.000000 0.000000 0.000000 0.000762 0.000435 0.450557 0.000005 0.001692 0.000965 2.222460 0.575021
54 15335 12083011 0.030300 0.000710 0.468131 0.000004 0.064726 0.001516 -0.000000 0.011423 0.001307 0.000734 0.468131 0.000004 0.002792 0.001569 3.072685 0.421581 0.033445 0.000735 0.450557 0.000005 0.074231 0.001631 -0.066828 0.016534 0.000597 0.000713 0.450557 0.000005 0.001326 0.001582 -0.099219 4.481610
55 15335 12083012 0.029990 0.001086 0.468131 0.000006 0.064063 0.002320 0.064224 0.028942 0.000778 0.000893 0.468131 0.000006 0.001663 0.001907 -1.762813 1.414772 0.034986 0.001168 0.450557 0.000008 0.077651 0.002593 -0.029312 0.025003 0.001550 0.000864 0.450557 0.000008 0.003440 0.001917 -1.766251 0.697403
56 15335 12083013 0.031368 0.000800 0.468131 0.000004 0.067007 0.001708 0.046127 0.020289 0.001207 0.000628 0.468131 0.000004 0.002577 0.001341 -1.322871 0.675887 0.035261 0.000830 0.450557 0.000006 0.078261 0.001842 -0.058307 0.017676 0.000692 0.000795 0.450557 0.000006 0.001535 0.001765 -3.006604 0.917636
57 15335 12083014 0.029400 0.000773 0.429739 0.000004 0.068413 0.001799 0.000898 0.120321 0.000354 0.000612 0.429739 0.000004 0.000825 0.001425 -1.413839 2.027933 0.035094 0.000820 0.456445 0.000006 0.076885 0.001796 -0.081728 0.017538 0.000609 0.000643 0.456445 0.000006 0.001335 0.001410 1.893672 1.193536
58 15335 12083016 0.030583 0.000800 0.429739 0.000004 0.071166 0.001862 -0.048166 0.020613 0.000512 0.000774 0.429739 0.000004 0.001191 0.001801 2.518014 1.376226 0.035732 0.000853 0.456445 0.000006 0.078283 0.001868 -0.061789 0.017863 0.001186 0.000688 0.456445 0.000006 0.002599 0.001508 -2.272661 0.629927
59 15335 12083017 0.028533 0.000841 0.429739 0.000005 0.066397 0.001957 0.028569 0.023322 0.001053 0.000866 0.429739 0.000005 0.002451 0.002016 -2.837578 0.627447 0.035485 0.000877 0.456445 0.000006 0.077743 0.001921 -0.029048 0.018397 0.001370 0.000725 0.456445 0.000006 0.003001 0.001589 0.863715 0.571395
60 15335 12083018 0.029429 0.000852 0.429739 0.000005 0.068482 0.001984 -0.068316 0.022818 0.001658 0.000647 0.429739 0.000005 0.003859 0.001504 -1.475024 0.522026 0.034879 0.000870 0.456445 0.000006 0.076414 0.001907 -0.000000 0.002155 0.001663 0.000708 0.456445 0.000006 0.003644 0.001550 -1.248698 0.492360
61 15335 12083019 0.025839 0.001186 0.429739 0.000006 0.060128 0.002761 0.038394 0.036509 0.002212 0.000951 0.429739 0.000006 0.005147 0.002214 2.039074 0.524644 0.035912 0.001207 0.456445 0.000008 0.078678 0.002645 -0.022185 0.025060 0.001887 0.000984 0.456445 0.000008 0.004135 0.002156 1.872802 0.607457
62 15335 12083020 0.027798 0.000993 0.386751 0.000007 0.071875 0.002566 -0.044930 0.028037 0.001073 0.000935 0.386751 0.000007 0.002774 0.002417 -2.523545 0.756162 0.033994 0.000998 0.410630 0.000007 0.082784 0.002431 -0.028418 0.021808 0.000267 0.000817 0.410630 0.000007 0.000649 0.001989 -1.275486 5.194906
63 15335 12083021 0.029229 0.000967 0.386751 0.000007 0.075577 0.002501 -0.064166 0.026040 0.000613 0.000972 0.386751 0.000007 0.001585 0.002512 2.982744 1.178781 0.033812 0.000979 0.410630 0.000007 0.082341 0.002384 -0.078359 0.021669 0.001330 0.000802 0.410630 0.000007 0.003240 0.001953 -2.123994 0.696896
64 15335 12083022 0.029874 0.000965 0.386751 0.000007 0.077242 0.002495 0.000482 0.331445 0.001431 0.000814 0.386751 0.000007 0.003701 0.002106 -2.108943 0.627263 0.034555 0.000975 0.410630 0.000007 0.084151 0.002375 -0.077145 0.021098 0.000529 0.000830 0.410630 0.000007 0.001288 0.002021 0.868677 1.545535
65 15335 12083024 0.026342 0.001844 0.386751 0.000013 0.068112 0.004768 0.096998 0.056310 0.004824 0.001628 0.386751 0.000013 0.012474 0.004208 0.891164 0.344994 0.034420 0.001869 0.410629 0.000012 0.083824 0.004553 -0.065725 0.040559 0.004663 0.001613 0.410629 0.000012 0.011355 0.003928 -2.312865 0.371558
66 15335 12083025 0.025363 0.001061 0.386751 0.000007 0.065578 0.002744 -0.000000 0.018622 0.002010 0.001030 0.386751 0.000007 0.005198 0.002664 2.670541 0.442597 0.036461 0.001094 0.410630 0.000007 0.088793 0.002664 -0.056005 0.022350 0.002015 0.001039 0.410630 0.000007 0.004908 0.002531 2.648958 0.433450
67 15337 12083045 0.045598 0.000260 0.433122 0.000002 0.105278 0.000601 -0.000000 0.000297 0.001255 0.000211 0.433122 0.000002 0.002897 0.000486 -0.312026 0.139730 0.045211 0.000214 0.446399 0.000001 0.101279 0.000480 -0.045591 0.003778 0.001380 0.000257 0.446399 0.000001 0.003091 0.000576 -0.323393 0.150434
68 15337 12083047 0.046118 0.000211 0.433122 0.000001 0.106478 0.000488 -0.030125 0.003582 0.001153 0.000175 0.433122 0.000001 0.002662 0.000404 -0.011812 0.301469 0.044687 0.000175 0.446399 0.000001 0.100105 0.000392 -0.047925 0.003110 0.001513 0.000211 0.446399 0.000001 0.003390 0.000473 0.046256 0.108805
69 15337 12083050 0.045422 0.000542 0.433122 0.000004 0.104871 0.001252 -0.049108 0.009316 0.001263 0.000438 0.433122 0.000004 0.002915 0.001012 0.215945 0.277073 0.046079 0.000441 0.446399 0.000003 0.103224 0.000989 -0.034854 0.007584 0.001886 0.000534 0.446399 0.000003 0.004225 0.001196 0.232881 0.228978
70 15337 12083052 0.045421 0.000331 0.433122 0.000002 0.104869 0.000764 -0.028894 0.005686 0.000913 0.000267 0.433122 0.000002 0.002109 0.000616 -0.093439 0.228768 0.045256 0.000267 0.446399 0.000002 0.101381 0.000598 -0.035526 0.004676 0.001386 0.000331 0.446399 0.000002 0.003105 0.000742 -0.066522 0.183731
71 15337 12083053 0.045738 0.000231 0.433122 0.000001 0.105600 0.000534 -0.000000 0.000473 0.000882 0.000180 0.433122 0.000001 0.002037 0.000415 0.517005 0.179289 0.045017 0.000188 0.446399 0.000001 0.100845 0.000421 -0.034711 0.003298 0.001033 0.000230 0.446399 0.000001 0.002315 0.000515 0.150878 0.176251
72 15337 12083054 0.046357 0.000289 0.433122 0.000002 0.107030 0.000668 -0.000000 0.001479 0.001488 0.000233 0.433122 0.000002 0.003436 0.000539 -0.370941 0.132107 0.045807 0.000240 0.446399 0.000002 0.102615 0.000537 -0.040823 0.004125 0.001720 0.000290 0.446399 0.000002 0.003854 0.000649 -0.044520 0.129750
73 15337 12083055 0.045692 0.000245 0.421579 0.000002 0.108382 0.000581 -0.000000 0.000502 0.001016 0.000197 0.421579 0.000002 0.002409 0.000468 -0.005087 1.084883 0.045530 0.000197 0.427518 0.000002 0.106497 0.000461 -0.042149 0.003422 0.001663 0.000244 0.427518 0.000002 0.003891 0.000570 0.109811 0.115458
74 15337 12083056 0.045562 0.000270 0.439533 0.000002 0.103660 0.000614 -0.000000 0.000697 0.001788 0.000214 0.439533 0.000002 0.004067 0.000487 -0.116860 0.094924 0.045832 0.000215 0.469549 0.000002 0.097608 0.000457 -0.036508 0.003692 0.001508 0.000269 0.469549 0.000002 0.003211 0.000572 -0.245278 0.140539
75 15337 12083057 0.045300 0.000281 0.439533 0.000002 0.103064 0.000639 -0.026076 0.004820 0.000862 0.000215 0.439533 0.000002 0.001961 0.000490 -0.423917 0.214377 0.045550 0.000223 0.469548 0.000002 0.097009 0.000474 -0.055781 0.003864 0.001191 0.000281 0.469548 0.000002 0.002536 0.000598 -0.086414 0.181475
76 15337 12083058 0.044537 0.000457 0.439533 0.000003 0.101328 0.001040 -0.035899 0.007983 0.001890 0.000362 0.439533 0.000003 0.004300 0.000824 -0.373249 0.161562 0.046288 0.000372 0.469548 0.000003 0.098580 0.000793 -0.060564 0.006339 0.000704 0.000457 0.469548 0.000003 0.001500 0.000973 0.012906 5.165885
77 15337 12083059 0.046431 0.000297 0.439533 0.000002 0.105636 0.000675 -0.000000 0.000597 0.000574 0.000231 0.439533 0.000002 0.001305 0.000525 0.022238 1.059414 0.045396 0.000231 0.469548 0.000002 0.096680 0.000491 -0.040751 0.004009 0.000992 0.000291 0.469548 0.000002 0.002113 0.000619 -0.408676 0.240163
78 15337 12083060 0.045096 0.000296 0.443006 0.000002 0.101794 0.000669 -0.000000 0.001246 0.001073 0.000233 0.443006 0.000002 0.002421 0.000525 -0.025900 0.276015 0.045657 0.000232 0.440430 0.000003 0.103665 0.000528 -0.050488 0.004014 0.000729 0.000295 0.440430 0.000003 0.001656 0.000669 0.128925 0.313123
79 15337 12083061 0.045912 0.000443 0.443006 0.000003 0.103638 0.001000 -0.000000 0.001751 0.000282 0.000351 0.443006 0.000003 0.000636 0.000792 -0.368327 0.963631 0.046524 0.000361 0.440430 0.000004 0.105634 0.000819 -0.046034 0.006097 0.001233 0.000443 0.440430 0.000004 0.002801 0.001006 0.032605 0.579353
80 15337 12084002 0.045274 0.000506 0.443005 0.000004 0.102197 0.001143 -0.000000 0.002479 0.000287 0.000341 0.443005 0.000004 0.000647 0.000770 -2.032304 1.314661 0.046154 0.000407 0.440430 0.000005 0.104794 0.000925 -0.043290 0.006950 0.000177 0.000450 0.440430 0.000005 0.000401 0.001022 -0.888891 4.857736
81 15338 12084008 0.045127 0.000353 0.449174 0.000002 0.100467 0.000786 -0.026603 0.006135 0.000861 0.000254 0.449174 0.000002 0.001917 0.000566 0.786241 0.292170 0.044908 0.000280 0.502733 0.000002 0.089328 0.000556 -0.037483 0.004956 0.000628 0.000345 0.502733 0.000002 0.001249 0.000685 0.290692 0.447367
82 15338 12084009 0.044741 0.000189 0.449174 0.000001 0.099607 0.000421 -0.026923 0.003312 0.000884 0.000151 0.449174 0.000001 0.001967 0.000336 0.125022 0.135593 0.044540 0.000151 0.502733 0.000001 0.088596 0.000300 -0.031539 0.002688 0.001084 0.000184 0.502733 0.000001 0.002157 0.000366 0.307539 0.141672
83 15338 12084010 0.045001 0.000218 0.449174 0.000001 0.100187 0.000486 -0.032650 0.003804 0.001117 0.000169 0.449174 0.000001 0.002487 0.000377 -0.266470 0.124015 0.044832 0.000171 0.502733 0.000001 0.089176 0.000341 -0.027930 0.003021 0.000797 0.000212 0.502733 0.000001 0.001585 0.000422 0.324078 0.222975
84 15338 12084011 0.044954 0.000231 0.449174 0.000001 0.100081 0.000514 -0.000000 0.000418 0.001001 0.000185 0.449174 0.000001 0.002229 0.000413 -0.284579 0.152164 0.044977 0.000188 0.502733 0.000002 0.089465 0.000374 -0.000000 0.000209 0.001294 0.000229 0.502733 0.000002 0.002573 0.000455 0.172175 0.141671
85 15338 12084013 0.045197 0.000239 0.449174 0.000001 0.100622 0.000532 -0.000000 0.000254 0.000869 0.000183 0.449174 0.000001 0.001936 0.000407 -0.570384 0.191700 0.045777 0.000194 0.502733 0.000002 0.091057 0.000386 -0.034070 0.003342 0.001771 0.000239 0.502733 0.000002 0.003523 0.000476 -0.036980 0.104784
86 15338 12084014 0.044924 0.000509 0.449174 0.000003 0.100015 0.001132 -0.035001 0.008854 0.002066 0.000391 0.449174 0.000003 0.004599 0.000871 -0.193755 0.152003 0.045122 0.000394 0.502733 0.000003 0.089753 0.000783 -0.031288 0.006881 0.001450 0.000496 0.502733 0.000003 0.002883 0.000986 -0.431056 0.283405
87 15338 12084016 0.044411 0.000255 0.000000 0.000000 0.000000 0.000000 -0.000000 0.000559 0.001347 0.000207 0.000000 0.000000 0.000000 0.000000 -0.039642 0.119812 0.045521 0.000206 0.458687 0.000001 0.099242 0.000450 -0.035711 0.003572 0.001042 0.000254 0.458687 0.000001 0.002272 0.000554 0.081727 0.190398
88 15338 12084017 0.044808 0.000261 0.000000 0.000000 0.000000 0.000000 -0.000000 0.000345 0.000877 0.000195 0.000000 0.000000 0.000000 0.000000 -0.636229 0.209210 0.045286 0.000210 0.458687 0.000002 0.098729 0.000458 -0.039127 0.003661 0.000850 0.000252 0.458687 0.000002 0.001852 0.000550 -0.525023 0.255113
89 15338 12084018 0.044381 0.000279 0.000000 0.000000 0.000000 0.000000 -0.000000 0.000717 0.000918 0.000220 0.000000 0.000000 0.000000 0.000000 -0.251588 0.194136 0.045672 0.000222 0.458687 0.000002 0.099572 0.000484 -0.046361 0.003830 0.001524 0.000274 0.458687 0.000002 0.003322 0.000597 0.245628 0.146934
90 15338 12084019 0.000000 0.000000 0.000000 0.000000 0.000000 0.000000 0.000000 0.000000 0.001044 0.000232 0.000000 0.000000 0.000000 0.000000 -0.000302 5.779770 0.046171 0.000232 0.458687 0.000002 0.100658 0.000505 -0.041116 0.003943 0.000000 0.000000 0.458687 0.000002 0.000000 0.000000 0.000000 0.000000
91 15356 12085023 0.045627 0.000220 0.519567 0.000002 0.087817 0.000424 -0.000000 0.000612 0.000968 0.000174 0.519567 0.000002 0.001864 0.000335 0.008380 0.575733 0.047507 0.000174 0.492887 0.000002 0.096385 0.000353 -0.036681 0.002885 0.000849 0.000219 0.492887 0.000002 0.001722 0.000443 0.180811 0.206589
92 15356 12085025 0.000000 0.000000 0.519567 0.000003 0.000000 0.000000 0.000000 0.000000 0.001089 0.000253 0.519567 0.000003 0.002096 0.000486 -0.162875 0.183415 0.047527 0.000254 0.492887 0.000003 0.096425 0.000516 -0.044345 0.004195 0.000000 0.000000 0.492887 0.000003 0.000000 0.000000 0.000000 0.000000
93 15356 12085027 0.045618 0.000276 0.519567 0.000002 0.087801 0.000532 -0.000000 0.000621 0.000662 0.000199 0.519567 0.000002 0.001274 0.000382 -0.680924 0.286649 0.047838 0.000217 0.492887 0.000002 0.097057 0.000440 -0.045768 0.003551 0.001424 0.000265 0.492887 0.000002 0.002889 0.000538 0.416755 0.162089
94 15356 12085028 0.045476 0.000291 0.519567 0.000002 0.087527 0.000560 -0.000000 0.000865 0.001032 0.000224 0.519567 0.000002 0.001986 0.000431 0.194937 0.171440 0.047812 0.000225 0.492887 0.000002 0.097004 0.000457 -0.042116 0.003688 0.001064 0.000291 0.492887 0.000002 0.002159 0.000591 0.031674 0.356374
95 15356 12085029 0.045709 0.000702 0.519567 0.000005 0.087975 0.001351 -0.000000 0.006760 0.000712 0.000554 0.519567 0.000005 0.001370 0.001066 0.028915 4.264450 0.048824 0.000554 0.492887 0.000006 0.099057 0.001123 -0.045821 0.008868 0.000690 0.000572 0.492887 0.000006 0.001399 0.001161 1.866464 0.975550
96 15356 12085030 0.045557 0.000299 0.000000 0.000000 0.000000 0.000000 -0.000000 0.001319 0.001221 0.000234 0.000000 0.000000 0.000000 0.000000 -0.081323 0.149448 0.047777 0.000234 0.507789 0.000003 0.094089 0.000462 -0.042427 0.003845 0.000824 0.000300 0.507789 0.000003 0.001623 0.000590 3.101761 0.283991
97 15356 12085031 0.045536 0.000352 0.000000 0.000000 0.000000 0.000000 -0.000000 0.027702 0.000987 0.000282 0.000000 0.000000 0.000000 0.000000 -0.045106 0.269232 0.048177 0.000282 0.507789 0.000004 0.094876 0.000555 -0.038242 0.004569 0.001361 0.000350 0.507789 0.000004 0.002680 0.000689 -0.292813 0.204726
98 15356 12086002 0.046113 0.000360 0.000000 0.000000 0.000000 0.000000 -0.000000 0.001412 0.001600 0.000280 0.000000 0.000000 0.000000 0.000000 -0.180064 0.138890 0.047947 0.000283 0.507789 0.000004 0.094424 0.000557 -0.033655 0.004597 0.001928 0.000360 0.507789 0.000004 0.003797 0.000709 0.056314 0.145424
99 15356 12086004 0.046417 0.000383 0.441597 0.000004 0.105112 0.000867 -0.000000 0.001120 0.000867 0.000277 0.441597 0.000004 0.001963 0.000626 -0.658735 0.302088 0.047628 0.000301 0.462455 0.000003 0.102990 0.000651 -0.040462 0.004931 0.000663 0.000383 0.462455 0.000003 0.001433 0.000829 0.035865 1.318693
100 15356 12086005 0.046714 0.000824 0.441597 0.000008 0.105785 0.001866 -0.000000 0.029109 0.001084 0.000605 0.441597 0.000008 0.002454 0.001370 -0.617761 0.514319 0.046803 0.000653 0.462455 0.000007 0.101205 0.001413 -0.035301 0.010875 0.001430 0.000804 0.462455 0.000007 0.003092 0.001738 -0.453624 0.463563
101 15356 12086007 0.045732 0.000456 0.441597 0.000004 0.103561 0.001033 -0.000000 0.002125 0.000222 0.000323 0.441597 0.000004 0.000503 0.000731 0.827273 1.351212 0.047543 0.000362 0.462455 0.000004 0.102805 0.000783 -0.028825 0.005916 0.001553 0.000437 0.462455 0.000004 0.003359 0.000946 0.414923 0.244393
102 15363 12086032 0.042019 0.000339 0.440861 0.000001 0.095311 0.000769 -0.000000 0.001082 0.002246 0.000268 0.440861 0.000001 0.005095 0.000608 -2.844320 0.097519 0.043574 0.000272 0.399667 0.000002 0.109026 0.000680 -0.026669 0.004912 0.002583 0.000339 0.399667 0.000002 0.006463 0.000849 3.133929 0.102954
103 15363 12086033 0.042333 0.000476 0.440861 0.000002 0.096024 0.001080 -0.038211 0.008808 0.002159 0.000378 0.440861 0.000002 0.004898 0.000858 -3.060630 0.137924 0.043769 0.000378 0.399667 0.000003 0.109514 0.000946 -0.036434 0.006800 0.002621 0.000475 0.399667 0.000003 0.006559 0.001188 -3.068863 0.142998
104 15363 12086035 0.042937 0.000538 0.440862 0.000002 0.097394 0.001221 -0.000000 0.002852 0.002586 0.000408 0.440862 0.000002 0.005865 0.000925 -2.746536 0.132757 0.044217 0.000419 0.399667 0.000004 0.110635 0.001048 -0.000000 0.001296 0.001370 0.000530 0.399667 0.000004 0.003427 0.001326 -2.909205 0.315154
105 15363 12086036 0.042240 0.000345 0.440861 0.000001 0.095813 0.000782 -0.000000 0.001334 0.001968 0.000271 0.440861 0.000001 0.004463 0.000616 3.129090 0.108361 0.045086 0.000271 0.399667 0.000002 0.112810 0.000678 -0.039724 0.004731 0.002461 0.000345 0.399667 0.000002 0.006158 0.000863 -3.118088 0.109859
106 15363 12086037 0.042842 0.000328 0.440861 0.000001 0.097177 0.000744 -0.030178 0.005983 0.001820 0.000255 0.440861 0.000001 0.004129 0.000577 -3.016823 0.110281 0.044711 0.000255 0.399667 0.000002 0.111869 0.000637 -0.024937 0.004475 0.002462 0.000327 0.399667 0.000002 0.006160 0.000819 2.969236 0.104400
107 15363 12086038 0.042763 0.000267 0.440861 0.000001 0.096999 0.000607 -0.000000 0.000464 0.001700 0.000205 0.440861 0.000001 0.003857 0.000466 -3.023228 0.095027 0.045043 0.000205 0.399667 0.000002 0.112702 0.000514 -0.028886 0.003578 0.001980 0.000266 0.399667 0.000002 0.004954 0.000667 2.909836 0.106394
108 15363 12086039 0.042120 0.000313 0.440861 0.000001 0.095541 0.000710 -0.000000 0.001600 0.001883 0.000231 0.440861 0.000001 0.004271 0.000524 -2.749952 0.102424 0.045236 0.000237 0.399667 0.000002 0.113185 0.000592 -0.028377 0.004098 0.001717 0.000314 0.399667 0.000002 0.004296 0.000784 3.035867 0.142231
109 15363 12086040 0.042202 0.000305 0.413875 0.000001 0.101968 0.000736 -0.000000 0.000879 0.002150 0.000228 0.413875 0.000001 0.005196 0.000551 -3.056949 0.083057 0.045255 0.000228 0.391784 0.000002 0.115510 0.000581 -0.031061 0.003944 0.002787 0.000304 0.391784 0.000002 0.007113 0.000777 2.968092 0.085465
110 15363 12086041 0.041247 0.000363 0.413875 0.000002 0.099661 0.000877 -0.000000 0.001509 0.002441 0.000262 0.413875 0.000002 0.005897 0.000633 -2.983103 0.084850 0.046113 0.000263 0.391784 0.000002 0.117701 0.000670 -0.031356 0.004467 0.001875 0.000364 0.391784 0.000002 0.004786 0.000929 3.068760 0.150697
111 15363 12086042 0.042375 0.000385 0.413875 0.000002 0.102387 0.000930 -0.000000 0.001048 0.002663 0.000291 0.413875 0.000002 0.006434 0.000703 -2.992399 0.086020 0.045822 0.000291 0.391784 0.000003 0.116956 0.000744 -0.027530 0.004974 0.002277 0.000382 0.391784 0.000003 0.005812 0.000974 -2.987709 0.133696
112 15363 12086046 0.043172 0.000631 0.413875 0.000003 0.104312 0.001526 -0.000000 0.033839 0.001758 0.000426 0.413875 0.000003 0.004248 0.001030 -2.468118 0.227215 0.045815 0.000460 0.391784 0.000004 0.116940 0.001174 -0.039553 0.007854 0.002404 0.000622 0.391784 0.000004 0.006135 0.001587 -2.914159 0.210007
113 15363 12086047 0.043269 0.000486 0.413875 0.000002 0.104547 0.001174 -0.000000 0.002111 0.002662 0.000349 0.413875 0.000002 0.006433 0.000843 3.025728 0.103349 0.045219 0.000350 0.391784 0.000003 0.115418 0.000893 -0.044313 0.006055 0.002112 0.000480 0.391784 0.000003 0.005391 0.001225 2.798892 0.183354
114 15363 12087002 0.041891 0.000357 0.379546 0.000002 0.110371 0.000941 -0.000000 0.001110 0.002028 0.000271 0.379546 0.000002 0.005343 0.000713 -3.086295 0.104657 0.045010 0.000270 0.393993 0.000003 0.114240 0.000686 -0.026477 0.004716 0.001785 0.000357 0.393993 0.000003 0.004532 0.000906 2.947224 0.157332
115 15363 12087003 0.041960 0.000580 0.379546 0.000003 0.110552 0.001528 0.033302 0.010880 0.001816 0.000443 0.379546 0.000003 0.004784 0.001168 3.071129 0.191824 0.045152 0.000443 0.393993 0.000004 0.114600 0.001125 -0.039335 0.007704 0.002264 0.000568 0.393993 0.000004 0.005746 0.001441 -2.858548 0.208421
116 15363 12087005 0.041658 0.000648 0.379546 0.000004 0.109757 0.001707 -0.000000 0.028222 0.001772 0.000455 0.379546 0.000004 0.004669 0.001199 -2.550975 0.231830 0.045910 0.000482 0.393993 0.000005 0.116524 0.001224 -0.037052 0.008238 0.000811 0.000607 0.393993 0.000005 0.002058 0.001540 -2.609593 0.681701
117 15364 12087012 0.045467 0.000203 0.467072 0.000001 0.097344 0.000434 -0.000000 0.000436 0.001697 0.000156 0.467072 0.000001 0.003634 0.000335 3.103165 0.073032 0.045571 0.000156 0.476310 0.000001 0.095676 0.000328 -0.020738 0.002720 0.002003 0.000203 0.476310 0.000001 0.004204 0.000426 2.978555 0.080537
118 15364 12087025 0.045405 0.000255 0.467072 0.000001 0.097212 0.000547 -0.000000 0.000373 0.001986 0.000202 0.467072 0.000001 0.004251 0.000432 3.122111 0.080086 0.045320 0.000202 0.476310 0.000001 0.095148 0.000424 -0.031045 0.003511 0.001851 0.000256 0.476310 0.000001 0.003886 0.000537 3.040155 0.108356
119 15364 12087026 0.045213 0.000508 0.467072 0.000002 0.096801 0.001088 -0.028118 0.008807 0.001167 0.000407 0.467072 0.000002 0.002500 0.000871 3.105609 0.273899 0.046595 0.000407 0.476310 0.000003 0.097825 0.000854 -0.023288 0.006869 0.002431 0.000507 0.476310 0.000003 0.005104 0.001065 2.948125 0.164533
120 15364 12087027 0.044295 0.000506 0.467072 0.000002 0.094836 0.001083 -0.000000 0.005594 0.002282 0.000399 0.467072 0.000002 0.004885 0.000853 -3.138627 0.137510 0.045638 0.000398 0.476310 0.000003 0.095817 0.000836 -0.046879 0.006886 0.002195 0.000507 0.476310 0.000003 0.004608 0.001064 3.116669 0.180683
121 15364 12087054 0.045267 0.000403 0.467072 0.000002 0.096916 0.000863 -0.000000 0.001277 0.001575 0.000321 0.467072 0.000002 0.003371 0.000687 2.785805 0.170256 0.047581 0.000329 0.458671 0.000002 0.103738 0.000718 -0.043927 0.005412 0.002428 0.000399 0.458671 0.000002 0.005294 0.000870 2.807015 0.132246
122 15365 12087080 0.045086 0.000219 0.447571 0.000001 0.100735 0.000490 -0.000000 0.000366 0.000252 0.000178 0.447571 0.000001 0.000563 0.000398 0.029247 4.495175 0.044787 0.000178 0.452540 0.000001 0.098969 0.000393 -0.009944 0.003138 0.001260 0.000217 0.452540 0.000001 0.002784 0.000480 0.158866 0.137846
123 15365 12087084 0.045580 0.000499 0.447572 0.000002 0.101837 0.001116 -0.000000 0.237777 0.000647 0.000364 0.447572 0.000002 0.001445 0.000813 0.741118 0.539842 0.046533 0.000399 0.452540 0.000003 0.102827 0.000883 -0.023425 0.006703 0.002004 0.000497 0.452540 0.000003 0.004428 0.001098 -0.255998 0.195712
124 15365 12087095 0.045826 0.000323 0.447572 0.000001 0.102389 0.000723 -0.000000 0.002293 0.000211 0.000208 0.447572 0.000001 0.000471 0.000465 1.937399 1.152598 0.046139 0.000255 0.452540 0.000002 0.101956 0.000564 -0.000000 0.000766 0.001213 0.000322 0.452540 0.000002 0.002679 0.000711 0.129526 0.209072
125 15365 12087096 0.045310 0.000274 0.447572 0.000001 0.101235 0.000612 -0.000000 0.000524 0.000188 0.000179 0.447572 0.000001 0.000419 0.000400 1.047379 1.030941 0.046230 0.000211 0.452540 0.000002 0.102156 0.000467 -0.012335 0.003585 0.000831 0.000270 0.452540 0.000002 0.001837 0.000596 0.245108 0.263235
126 15365 12087097 0.045540 0.000269 0.425413 0.000001 0.107049 0.000632 -0.000000 0.000863 0.000137 0.000200 0.425413 0.000001 0.000322 0.000471 -0.586335 1.225722 0.046087 0.000214 0.459926 0.000001 0.100206 0.000465 -0.019760 0.003645 0.001590 0.000269 0.459926 0.000001 0.003457 0.000585 0.020724 0.209636
127 15365 12087098 0.044817 0.000298 0.425413 0.000001 0.105348 0.000701 -0.000000 0.001494 0.000755 0.000224 0.425413 0.000001 0.001775 0.000526 0.448036 0.252293 0.045403 0.000231 0.459926 0.000001 0.098719 0.000503 -0.024702 0.004001 0.001381 0.000296 0.459926 0.000001 0.003003 0.000644 -0.270471 0.170270
128 15365 12087099 0.044233 0.000302 0.425413 0.000001 0.103976 0.000711 -0.000000 0.000838 0.000585 0.000228 0.425413 0.000001 0.001375 0.000537 0.567436 0.347350 0.045841 0.000241 0.459926 0.000001 0.099670 0.000524 -0.018980 0.004122 0.001439 0.000302 0.459926 0.000001 0.003129 0.000657 0.042226 0.162028
129 15365 12087100 0.044919 0.000556 0.425413 0.000002 0.105588 0.001306 -0.000000 0.002484 0.000343 0.000362 0.425413 0.000002 0.000805 0.000851 -1.952184 1.211503 0.045256 0.000441 0.459926 0.000003 0.098398 0.000958 -0.021271 0.007637 0.002287 0.000553 0.459926 0.000003 0.004972 0.001203 -0.258406 0.191248
130 15366 12088030 0.044310 0.000557 0.424965 0.000004 0.104267 0.001311 -0.000000 0.008454 0.001464 0.000426 0.424965 0.000004 0.003445 0.001002 0.345293 0.238455 0.047010 0.000434 0.442517 0.000004 0.106233 0.000981 -0.026181 0.007236 0.001824 0.000507 0.442517 0.000004 0.004121 0.001145 0.658348 0.269422
131 15366 12088031 0.043240 0.000397 0.391555 0.000002 0.110432 0.001014 -0.000000 0.003335 0.001523 0.000306 0.391555 0.000002 0.003890 0.000782 -0.126905 0.158303 0.047676 0.000307 0.158117 0.000022 0.301521 0.001944 -0.016368 0.005053 0.001537 0.000381 0.158117 0.000022 0.009721 0.002407 0.408654 0.213705
132 15366 12088032 0.043566 0.000391 0.391555 0.000002 0.111265 0.000998 -0.000000 0.001053 0.001278 0.000299 0.391555 0.000002 0.003264 0.000763 -0.251495 0.189292 0.047915 0.000303 0.158117 0.000022 0.303036 0.001916 -0.024036 0.004960 0.001384 0.000385 0.158117 0.000022 0.008752 0.002433 0.228301 0.224134
133 15366 12088033 0.044142 0.000422 0.391555 0.000002 0.112735 0.001078 -0.034354 0.007425 0.001096 0.000318 0.391555 0.000002 0.002799 0.000812 -0.406589 0.246499 0.048211 0.000329 0.158117 0.000024 0.304905 0.002080 -0.017536 0.005344 0.001323 0.000422 0.158117 0.000024 0.008366 0.002666 -0.000000 4.274603
134 15366 12088034 0.000000 0.000000 0.391555 0.000003 0.000000 0.000000 0.000000 0.000000 0.001096 0.000333 0.391555 0.000003 0.002799 0.000850 -0.379759 0.255392 0.048796 0.000343 0.158117 0.000032 0.308609 0.002170 -0.037964 0.005507 0.000000 0.000000 0.158117 0.000032 0.000000 0.000000 0.000000 0.000000
135 15366 12088035 0.041545 0.000646 0.391555 0.000003 0.106101 0.001650 -0.000000 0.005409 0.001207 0.000484 0.391555 0.000003 0.003081 0.001236 0.423777 0.336685 0.047425 0.000498 0.158117 0.000036 0.299936 0.003150 -0.038123 0.008257 0.000751 0.000636 0.158117 0.000036 0.004753 0.004025 -0.368654 0.661570
136 15368 12088075 0.043827 0.000381 0.450961 0.000002 0.097185 0.000845 -0.031959 0.006771 0.001828 0.000304 0.450961 0.000002 0.004053 0.000673 -3.122472 0.129843 0.047749 0.000303 0.000000 0.000000 0.000000 0.000000 -0.017950 0.004972 0.001779 0.000381 0.000000 0.000000 0.000000 0.000000 3.093233 0.166699
137 15368 12088076 0.044304 0.000295 0.450961 0.000002 0.098244 0.000655 -0.000000 0.002809 0.002223 0.000233 0.450961 0.000002 0.004929 0.000516 2.883414 0.084729 0.048751 0.000236 0.000000 0.000000 0.000000 0.000000 -0.022789 0.003774 0.001320 0.000295 0.000000 0.000000 0.000000 0.000000 -3.083378 0.174812
138 15368 12088086 0.043377 0.000399 0.410914 0.000003 0.105561 0.000971 -0.000000 0.001136 0.001858 0.000311 0.410914 0.000003 0.004521 0.000758 2.956741 0.132867 0.048851 0.000313 7.274733 0.000452 0.006715 0.000043 -0.027174 0.004985 0.002146 0.000397 7.274733 0.000452 0.000295 0.000055 -3.010363 0.146189
139 15368 12088087 0.043745 0.000674 0.410914 0.000005 0.106459 0.001641 0.012692 0.011977 0.001873 0.000499 0.410914 0.000005 0.004558 0.001215 -2.504065 0.244972 0.049429 0.000535 7.274733 0.000767 0.006795 0.000074 -0.030682 0.008417 0.003509 0.000668 7.274733 0.000767 0.000482 0.000092 -2.975733 0.151702
140 15368 12088088 0.043855 0.000609 0.410914 0.000004 0.106726 0.001481 -0.000000 0.002721 0.002588 0.000482 0.410914 0.000004 0.006299 0.001173 -2.904538 0.147877 0.049189 0.000486 7.274733 0.000695 0.006762 0.000067 -0.042156 0.007675 0.002516 0.000606 7.274733 0.000695 0.000346 0.000083 2.889251 0.189381
141 15370 12089011 0.045222 0.000445 0.435599 0.000001 0.103815 0.001022 -0.000000 0.001753 0.001727 0.000341 0.435599 0.000001 0.003964 0.000784 3.112712 0.154876 0.047566 0.000341 0.090866 0.000030 0.523477 0.003760 -0.024908 0.005623 0.001545 0.000442 0.090866 0.000030 0.017006 0.004864 -2.983301 0.228630
142 15372 12089084 0.042349 0.000359 0.000000 0.000000 0.000000 0.000000 -0.032511 0.006654 0.001704 0.000284 0.000000 0.000000 0.000000 0.000000 2.981233 0.133072 0.043920 0.000285 0.000000 0.000000 0.000000 0.000000 -0.000000 0.000546 0.001844 0.000360 0.000000 0.000000 0.000000 0.000000 3.114217 0.152873
143 15372 12089085 0.043205 0.000226 0.000000 0.000000 0.000000 0.000000 -0.026736 0.004093 0.001139 0.000183 0.000000 0.000000 0.000000 0.000000 -3.118030 0.126371 0.044424 0.000183 0.000000 0.000000 0.000000 0.000000 -0.032263 0.003243 0.001225 0.000224 0.000000 0.000000 0.000000 0.000000 2.857508 0.146517
144 15372 12089087 0.043292 0.000244 0.000000 0.000000 0.000000 0.000000 -0.000000 0.000631 0.001262 0.000197 0.000000 0.000000 0.000000 0.000000 3.033540 0.123284 0.026786 0.118714 0.000000 0.000000 0.000000 0.000000 0.023274 0.717176 0.001372 0.000242 0.000000 0.000000 0.000000 0.000000 2.833099 0.141938
145 15372 12089089 0.043838 0.000473 0.000000 0.000000 0.000000 0.000000 -0.000000 0.001036 0.001335 0.000374 0.000000 0.000000 0.000000 0.000000 -2.901595 0.224129 0.044793 0.000377 0.000000 0.000000 0.000000 0.000000 -0.027788 0.006589 0.001245 0.000465 0.000000 0.000000 0.000000 0.000000 2.757028 0.305651
146 15372 12090002 0.044101 0.000352 0.000000 0.000000 0.000000 0.000000 -0.000000 0.000880 0.001224 0.000270 0.000000 0.000000 0.000000 0.000000 -2.857469 0.178413 0.045146 0.000273 0.000000 0.000000 0.000000 0.000000 -0.026128 0.004738 0.001321 0.000353 0.000000 0.000000 0.000000 0.000000 3.052849 0.208435
147 15372 12090006 0.043516 0.000367 0.000000 0.000000 0.000000 0.000000 -0.000000 0.001689 0.001635 0.000295 0.000000 0.000000 0.000000 0.000000 -2.976692 0.142118 0.045982 0.000296 5.432711 0.000627 0.008464 0.000054 -0.020738 0.005026 0.001672 0.000362 5.432711 0.000627 0.000308 0.000067 -2.907236 0.176045
148 15372 12090007 0.043054 0.000592 0.000000 0.000000 0.000000 0.000000 -0.000000 0.005431 0.001542 0.000464 0.000000 0.000000 0.000000 0.000000 -2.935557 0.238717 0.044670 0.000467 5.432712 0.000997 0.008222 0.000086 -0.028197 0.008166 0.000050 0.001650 5.432712 0.000997 0.000009 0.000304 0.322898 3.276920
149 15372 12090009 0.043902 0.000392 0.000000 0.000000 0.000000 0.000000 -0.000000 0.001620 0.001705 0.000322 0.000000 0.000000 0.000000 0.000000 -2.983085 0.148229 0.045585 0.000323 5.432711 0.000676 0.008391 0.000059 -0.030917 0.005519 0.001772 0.000389 5.432711 0.000676 0.000326 0.000072 -2.973411 0.175475
150 15372 12090010 0.044045 0.000386 0.000000 0.000000 0.000000 0.000000 -0.000000 0.002745 0.001920 0.000301 0.000000 0.000000 0.000000 0.000000 -2.770025 0.129888 0.045752 0.000308 5.432712 0.000654 0.008422 0.000057 -0.029578 0.005261 0.001089 0.000383 5.432712 0.000654 0.000200 0.000071 -3.004221 0.279570
151 15372 12090011 0.044442 0.000379 0.000000 0.000000 0.000000 0.000000 -0.000000 0.001074 0.001026 0.000303 0.000000 0.000000 0.000000 0.000000 2.967577 0.233897 0.046231 0.000305 5.432712 0.000643 0.008510 0.000056 -0.031210 0.005139 0.001277 0.000380 5.432712 0.000643 0.000235 0.000070 3.055517 0.230958
152 15372 12090019 0.043874 0.000573 0.398116 0.000004 0.110205 0.001440 -0.000000 0.002739 0.001084 0.000410 0.398116 0.000004 0.002722 0.001031 -2.466058 0.354302 0.046506 0.000443 0.475839 0.000003 0.097736 0.000932 -0.043806 0.007444 0.001256 0.000487 0.475839 0.000003 0.002640 0.001023 -2.204187 0.429706
153 15372 12090022 0.045031 0.000635 0.398116 0.000005 0.113109 0.001594 -0.036815 0.010967 0.002169 0.000515 0.398116 0.000005 0.005449 0.001293 3.140827 0.184714 0.045393 0.000515 0.475839 0.000003 0.095396 0.001081 -0.015302 0.008836 0.000937 0.000616 0.475839 0.000003 0.001969 0.001295 -2.810987 0.550218
154 15376 12090042 0.042106 0.000268 0.428806 0.000001 0.098193 0.000625 -0.000000 0.000523 0.001753 0.000211 0.428806 0.000001 0.004088 0.000493 -0.029410 0.094019 0.043063 0.000211 0.399372 0.000002 0.107826 0.000529 -0.012986 0.003856 0.001730 0.000268 0.399372 0.000002 0.004332 0.000672 0.017182 0.215738
155 15376 12090046 0.042100 0.000280 0.428806 0.000001 0.098179 0.000653 -0.032142 0.005236 0.001574 0.000223 0.428806 0.000001 0.003671 0.000520 -0.113231 0.111469 0.043826 0.000224 0.399372 0.000002 0.109737 0.000560 -0.000000 0.000372 0.001572 0.000280 0.399372 0.000002 0.003937 0.000701 0.011731 0.410402
156 15376 12090048 0.042716 0.000328 0.395404 0.000001 0.108033 0.000830 -0.000000 0.001154 0.001148 0.000262 0.395404 0.000001 0.002903 0.000663 -0.196922 0.181574 0.044289 0.000264 0.458044 0.000002 0.096691 0.000577 -0.020288 0.004659 0.001522 0.000322 0.458044 0.000002 0.003322 0.000702 -0.417090 0.175106
157 15376 12090049 0.042506 0.000342 0.414422 0.000002 0.102566 0.000824 -0.000000 0.001320 0.000891 0.000265 0.414422 0.000002 0.002149 0.000639 0.208271 0.234637 0.044187 0.000266 0.458044 0.000002 0.096469 0.000582 -0.014447 0.004711 0.000627 0.000326 0.458044 0.000002 0.001368 0.000712 -0.589852 0.455369
158 15376 12090050 0.042158 0.000341 0.414422 0.000002 0.101728 0.000823 -0.000000 0.001369 0.001673 0.000280 0.414422 0.000002 0.004037 0.000676 0.248884 0.133707 0.044119 0.000283 0.458044 0.000002 0.096320 0.000617 -0.015858 0.004998 0.001332 0.000336 0.458044 0.000002 0.002908 0.000733 0.238064 0.206195
159 15376 12090051 0.041653 0.000366 0.414422 0.000002 0.100509 0.000884 -0.000000 0.001335 0.001471 0.000280 0.414422 0.000002 0.003548 0.000675 -0.236453 0.152894 0.043763 0.000283 0.458044 0.000002 0.095543 0.000618 -0.018076 0.005048 0.000713 0.000305 0.458044 0.000002 0.001556 0.000666 1.032938 0.491505
160 15376 12090052 0.042460 0.000366 0.414422 0.000002 0.102456 0.000882 -0.000000 0.004522 0.001842 0.000295 0.414422 0.000002 0.004444 0.000713 0.122455 0.125314 0.044714 0.000296 0.458044 0.000002 0.097619 0.000645 -0.018278 0.005162 0.001501 0.000366 0.458044 0.000002 0.003277 0.000799 -0.131963 0.190224
161 15376 12090054 0.042542 0.000469 0.384434 0.000003 0.110662 0.001219 -0.000000 0.001995 0.001848 0.000365 0.384434 0.000003 0.004808 0.000950 0.127316 0.153835 0.044250 0.000365 0.447994 0.000002 0.098773 0.000816 -0.029413 0.006440 0.001122 0.000453 0.447994 0.000002 0.002505 0.001012 -0.515352 0.344044
162 15376 12090055 0.042401 0.000579 0.384434 0.000004 0.110295 0.001506 -0.000000 0.002050 0.001941 0.000469 0.384434 0.000004 0.005048 0.001220 -0.279911 0.196132 0.044330 0.000477 0.447994 0.000003 0.098952 0.001065 -0.018395 0.008379 0.002722 0.000568 0.447994 0.000003 0.006075 0.001267 -0.414998 0.172583
163 15376 12090060 0.042500 0.000581 0.384434 0.000004 0.110553 0.001512 -0.000000 0.002225 0.001450 0.000482 0.384434 0.000004 0.003772 0.001254 -0.069889 0.252930 0.044686 0.000482 0.447994 0.000003 0.099746 0.001076 -0.031148 0.008402 0.002326 0.000583 0.447994 0.000003 0.005192 0.001300 -0.090520 0.193869
164 15378 12091003 0.044301 0.000387 0.302554 0.000088 0.146424 0.001281 -0.000000 0.001825 0.001237 0.000318 0.302554 0.000088 0.004088 0.001050 -0.081739 0.200277 0.046387 0.000318 0.423564 0.000003 0.109515 0.000751 -0.036845 0.005402 0.001374 0.000380 0.423564 0.000003 0.003244 0.000896 -0.396965 0.227068
165 15378 12091005 0.045049 0.000311 0.302554 0.000068 0.148897 0.001028 -0.000000 0.000785 0.001582 0.000236 0.302554 0.000068 0.005230 0.000782 -0.237695 0.121115 0.046700 0.000239 0.423564 0.000002 0.110255 0.000564 -0.025926 0.004037 0.002208 0.000310 0.423564 0.000002 0.005212 0.000731 -0.223069 0.110746
166 15378 12091006 0.045338 0.000305 0.302554 0.000069 0.149850 0.001010 -0.000000 0.000836 0.001127 0.000248 0.302554 0.000069 0.003725 0.000818 -0.153632 0.173854 0.046921 0.000249 0.423564 0.000002 0.110777 0.000587 -0.030582 0.004165 0.001281 0.000297 0.423564 0.000002 0.003024 0.000701 0.333556 0.194581
167 15378 12091007 0.045063 0.000289 0.302554 0.000064 0.148943 0.000954 -0.000000 0.000899 0.001389 0.000230 0.302554 0.000064 0.004591 0.000762 0.044934 0.128763 0.047035 0.000230 0.423564 0.000002 0.111046 0.000544 -0.028866 0.003842 0.001606 0.000287 0.423564 0.000002 0.003792 0.000677 0.140276 0.141647
168 15378 12091009 0.044320 0.000275 0.302554 0.000062 0.146488 0.000909 -0.000000 0.000714 0.001259 0.000228 0.302554 0.000062 0.004161 0.000753 0.099361 0.141203 0.047101 0.000228 0.423564 0.000002 0.111201 0.000538 -0.028500 0.003789 0.001307 0.000264 0.423564 0.000002 0.003085 0.000623 0.404441 0.174325
169 15378 12091011 0.044964 0.000302 0.302554 0.000067 0.148615 0.001000 -0.000000 0.000823 0.001075 0.000241 0.302554 0.000067 0.003553 0.000797 -0.108051 0.175562 0.047308 0.000242 0.423564 0.000002 0.111691 0.000570 -0.022977 0.004002 0.001283 0.000302 0.423564 0.000002 0.003029 0.000713 0.074903 0.182751
170 15378 12091012 0.045142 0.000302 0.302554 0.000067 0.149203 0.001000 -0.000000 0.000540 0.002137 0.000232 0.302554 0.000067 0.007062 0.000767 -0.405307 0.092432 0.047658 0.000240 0.423564 0.000002 0.112516 0.000566 -0.038507 0.003943 0.001710 0.000303 0.423564 0.000002 0.004038 0.000714 0.005919 0.769363
171 15378 12091013 0.044135 0.000762 0.302554 0.000167 0.145874 0.002519 -0.000000 0.009335 0.000103 0.000617 0.302554 0.000167 0.000342 0.002040 -1.034427 5.762092 0.048177 0.000601 0.436359 0.000005 0.110408 0.001378 -0.022721 0.009750 0.002174 0.000757 0.436359 0.000005 0.004983 0.001735 0.130600 0.272086
172 15378 12091016 0.044431 0.000380 0.302554 0.000085 0.146852 0.001257 -0.000000 0.000807 0.001950 0.000307 0.302554 0.000085 0.006443 0.001016 -0.167450 0.124790 0.047604 0.000309 0.436359 0.000002 0.109094 0.000709 -0.029866 0.005070 0.001864 0.000380 0.436359 0.000002 0.004271 0.000871 -0.171315 0.158833
173 15378 12091017 0.044860 0.000400 0.302554 0.000090 0.148270 0.001323 -0.000000 0.000798 0.002102 0.000328 0.302554 0.000090 0.006947 0.001083 -0.097892 0.121740 0.047240 0.000328 0.436359 0.000003 0.108260 0.000751 -0.039737 0.005420 0.001961 0.000399 0.436359 0.000003 0.004495 0.000915 -0.202077 0.159214
174 15378 12091019 0.044659 0.000434 0.302554 0.000094 0.147607 0.001434 -0.000000 0.001023 0.001358 0.000337 0.302554 0.000094 0.004487 0.001113 -0.001166 5.740948 0.048234 0.000336 0.436359 0.000003 0.110537 0.000771 -0.030398 0.005438 0.002207 0.000414 0.436359 0.000003 0.005057 0.000949 -0.576153 0.164073
175 15378 12091021 0.044753 0.000416 0.302554 0.000094 0.147917 0.001375 -0.000000 0.001255 0.001236 0.000345 0.302554 0.000094 0.004086 0.001141 0.061965 0.212788 0.047932 0.000345 0.504298 0.000003 0.095047 0.000684 -0.037595 0.005603 0.002378 0.000416 0.504298 0.000003 0.004715 0.000824 -0.183787 0.136210
176 15378 12091023 0.044008 0.000636 0.302554 0.000140 0.145456 0.002104 0.006018 0.011274 0.001478 0.000510 0.302554 0.000140 0.004886 0.001684 0.090241 0.262904 0.048900 0.000509 0.504298 0.000004 0.096966 0.001010 -0.034229 0.008114 0.001540 0.000637 0.504298 0.000004 0.003054 0.001262 -0.140589 0.315759
177 15378 12091024 0.044568 0.000371 0.302554 0.000081 0.147306 0.001228 -0.000000 0.001280 0.001701 0.000291 0.302554 0.000081 0.005623 0.000960 0.189863 0.134581 0.048778 0.000292 0.504298 0.000002 0.096724 0.000578 -0.046193 0.004669 0.001283 0.000371 0.504298 0.000002 0.002544 0.000736 -0.182685 0.224247
178 15380 12091040 0.043782 0.000386 0.450987 0.000002 0.097080 0.000856 0.003875 0.006892 0.001289 0.000318 0.450987 0.000002 0.002858 0.000705 3.128822 0.194690 0.044265 0.000318 0.474117 0.000003 0.093364 0.000670 -0.030020 0.005673 0.001236 0.000375 0.474117 0.000003 0.002607 0.000790 -2.795366 0.255781
179 15380 12091042 0.043239 0.000311 0.450987 0.000002 0.095877 0.000690 0.005274 0.005606 0.002247 0.000251 0.450987 0.000002 0.004982 0.000556 3.023233 0.088551 0.044766 0.000251 0.474117 0.000002 0.094420 0.000530 -0.021615 0.004422 0.001702 0.000308 0.474117 0.000002 0.003589 0.000650 -2.961519 0.144900
180 15380 12091043 0.044134 0.000268 0.450987 0.000002 0.097861 0.000593 -0.000000 0.000650 0.002000 0.000220 0.450987 0.000002 0.004435 0.000488 -3.139518 0.086230 0.045651 0.000220 0.474117 0.000002 0.096285 0.000463 -0.024114 0.003779 0.001046 0.000268 0.474117 0.000002 0.002206 0.000565 3.128252 0.199343
181 15380 12091044 0.044467 0.000286 0.450987 0.000002 0.098599 0.000633 -0.000000 0.001238 0.001721 0.000228 0.450987 0.000002 0.003815 0.000505 -3.001040 0.104483 0.045756 0.000228 0.474117 0.000002 0.096507 0.000481 -0.028657 0.003913 0.001862 0.000286 0.474117 0.000002 0.003928 0.000604 3.097389 0.119499
182 15380 12091045 0.044966 0.000315 0.450987 0.000002 0.099706 0.000697 -0.000000 0.000804 0.001669 0.000248 0.450987 0.000002 0.003702 0.000550 -3.017430 0.116996 0.046460 0.000248 0.474117 0.000002 0.097993 0.000524 -0.037337 0.004193 0.001478 0.000315 0.474117 0.000002 0.003116 0.000665 3.114788 0.165493
183 15380 12091046 0.044368 0.000284 0.450987 0.000002 0.098380 0.000630 -0.000000 0.002556 0.001789 0.000239 0.450987 0.000002 0.003967 0.000530 -2.998999 0.105068 0.046168 0.000239 0.474117 0.000002 0.097377 0.000505 -0.032985 0.004055 0.002225 0.000285 0.474117 0.000002 0.004694 0.000600 3.048446 0.099185
184 15380 12091049 0.045055 0.000391 0.428909 0.000003 0.105045 0.000912 -0.000000 0.001234 0.001990 0.000321 0.428909 0.000003 0.004639 0.000748 -2.951825 0.127418 0.047458 0.000322 0.416385 0.000003 0.113975 0.000774 -0.028053 0.005298 0.001904 0.000381 0.416385 0.000003 0.004572 0.000915 -2.827644 0.166902
185 15380 12091051 0.043710 0.000418 0.428909 0.000003 0.101909 0.000974 -0.000000 0.004357 0.000955 0.000328 0.428909 0.000003 0.002227 0.000764 -3.120691 0.269772 0.046916 0.000327 0.416385 0.000003 0.112675 0.000786 -0.026594 0.005500 0.002787 0.000418 0.416385 0.000003 0.006693 0.001004 -3.119092 0.116269
186 15380 12091052 0.043822 0.000416 0.428910 0.000003 0.102170 0.000969 -0.000000 0.001035 0.001485 0.000309 0.428910 0.000003 0.003463 0.000720 -2.537468 0.189277 0.047706 0.000328 0.416385 0.000003 0.114571 0.000787 -0.045777 0.005426 0.002378 0.000416 0.416385 0.000003 0.005712 0.001000 3.016885 0.135148
187 15380 12092002 0.042701 0.000523 0.384684 0.000003 0.111002 0.001360 0.011229 0.009486 0.001306 0.000403 0.384684 0.000003 0.003394 0.001049 -2.860557 0.250732 0.047465 0.000408 0.494235 0.000003 0.096038 0.000825 -0.032656 0.006775 0.001227 0.000508 0.494235 0.000003 0.002483 0.001027 -2.812591 0.345536
188 15380 12092003 0.042404 0.000661 0.384684 0.000003 0.110230 0.001718 -0.035325 0.012036 0.001627 0.000505 0.384684 0.000003 0.004230 0.001313 -2.928502 0.248419 0.047408 0.000508 0.410934 0.000003 0.115367 0.001235 -0.022832 0.008446 0.002262 0.000591 0.410934 0.000003 0.005503 0.001437 -2.432300 0.260950
189 15380 12092005 0.000000 0.000000 0.384684 0.000004 0.000000 0.000000 0.000000 0.000000 0.000669 0.000500 0.384684 0.000004 0.001740 0.001299 2.923189 0.600653 0.047795 0.000505 0.410934 0.000004 0.116309 0.001229 -0.017588 0.008317 0.000000 0.000000 0.410934 0.000004 0.000000 0.000000 0.000000 0.000000
190 15381 12092011 0.040843 0.000375 0.430096 0.000001 0.094962 0.000873 -0.000000 0.002676 0.001410 0.000290 0.430096 0.000001 0.003278 0.000674 -3.132481 0.162317 0.043950 0.000290 0.466971 0.000003 0.094118 0.000621 -0.016463 0.005211 0.001063 0.000374 0.466971 0.000003 0.002275 0.000801 2.917268 0.278359
191 15381 12092019 0.040196 0.000353 0.430096 0.000001 0.093458 0.000820 -0.000000 0.002222 0.001760 0.000274 0.430096 0.000001 0.004092 0.000637 -3.111803 0.122454 0.043742 0.000274 0.466971 0.000003 0.093672 0.000586 -0.019896 0.004930 0.001977 0.000351 0.466971 0.000003 0.004234 0.000751 2.892506 0.141156
192 15381 12092020 0.040561 0.000388 0.430096 0.000001 0.094306 0.000902 -0.000000 0.001436 0.001011 0.000303 0.430096 0.000001 0.002352 0.000705 -2.793619 0.248469 0.044000 0.000309 0.466971 0.000003 0.094224 0.000662 -0.000000 0.000659 0.002135 0.000378 0.466971 0.000003 0.004572 0.000809 2.697045 0.148380
193 15386 12092036 0.039796 0.000241 0.375830 0.000001 0.105889 0.000642 -0.000000 0.001020 0.000000 0.000000 0.375830 0.000001 0.000000 0.000000 0.000000 0.000000 0.000000 0.000000 0.458438 0.000002 0.000000 0.000000 0.000000 0.000000 0.001460 0.000240 0.458438 0.000002 0.003184 0.000523 2.887330 0.131352
194 15386 12092038 0.039988 0.000351 0.375830 0.000001 0.106399 0.000934 -0.000000 0.002419 0.001853 0.000284 0.375830 0.000001 0.004931 0.000755 2.932564 0.122964 0.040790 0.000286 0.387523 0.000002 0.105257 0.000739 -0.013480 0.005508 0.001441 0.000341 0.387523 0.000002 0.003718 0.000879 2.669816 0.200458
195 15386 12092039 0.039792 0.000379 0.375829 0.000001 0.105877 0.001009 -0.000000 0.003196 0.002251 0.000300 0.375829 0.000001 0.005991 0.000797 -3.046788 0.104656 0.041217 0.000300 0.387523 0.000002 0.106360 0.000774 -0.020984 0.005707 0.002031 0.000379 0.387523 0.000002 0.005241 0.000977 2.949678 0.147258
196 15386 12092042 0.038811 0.000234 0.375830 0.000001 0.103267 0.000623 -0.000000 0.001306 0.001415 0.000193 0.375830 0.000001 0.003764 0.000515 -3.018406 0.107478 0.040713 0.000194 0.387523 0.000001 0.105059 0.000500 -0.026201 0.003722 0.001629 0.000235 0.387523 0.000001 0.004203 0.000605 3.060496 0.112863
197 15386 12092043 0.038704 0.000221 0.375830 0.000001 0.102982 0.000588 -0.000000 0.000746 0.002115 0.000173 0.375830 0.000001 0.005628 0.000460 2.845229 0.066819 0.040566 0.000176 0.387523 0.000001 0.104680 0.000454 -0.030678 0.003389 0.001233 0.000221 0.387523 0.000001 0.003181 0.000571 3.080485 0.140670
198 15386 12092044 0.038277 0.000201 0.375830 0.000001 0.101847 0.000535 -0.000000 0.001152 0.001876 0.000167 0.375830 0.000001 0.004992 0.000444 3.024680 0.069910 0.040439 0.000167 0.387523 0.000001 0.104352 0.000432 -0.024657 0.003228 0.001715 0.000201 0.387523 0.000001 0.004427 0.000519 3.005299 0.092029
199 15386 12092045 0.038160 0.000210 0.375830 0.000001 0.101534 0.000559 -0.000000 0.002042 0.001602 0.000166 0.375830 0.000001 0.004263 0.000443 3.051562 0.081347 0.040216 0.000167 0.387523 0.000001 0.103778 0.000430 -0.013508 0.003232 0.001637 0.000209 0.387523 0.000001 0.004223 0.000539 2.873116 0.101958
200 15386 12092046 0.000000 0.000000 0.375830 0.000001 0.000000 0.000000 0.000000 0.000000 0.001542 0.000209 0.375830 0.000001 0.004102 0.000557 3.062953 0.106131 0.040038 0.000209 0.387523 0.000002 0.103317 0.000540 -0.023514 0.004079 0.000000 0.000000 0.387523 0.000002 0.000000 0.000000 0.000000 0.000000
201 15386 12092047 0.037707 0.000310 0.358898 0.000001 0.105064 0.000864 -0.000000 0.002260 0.001642 0.000252 0.358898 0.000001 0.004575 0.000703 2.965606 0.121835 0.040095 0.000254 0.393939 0.000002 0.101780 0.000644 -0.014710 0.004938 0.002493 0.000310 0.393939 0.000002 0.006328 0.000787 2.972147 0.098045
202 15386 12093001 0.038471 0.000305 0.358898 0.000001 0.107191 0.000851 -0.000000 0.001139 0.001777 0.000246 0.358898 0.000001 0.004952 0.000686 3.124198 0.107802 0.040265 0.000246 0.393939 0.000002 0.102210 0.000625 -0.025978 0.004760 0.001533 0.000305 0.393939 0.000002 0.003892 0.000775 2.965647 0.156812
203 15386 12093002 0.037583 0.000229 0.358898 0.000001 0.104718 0.000638 -0.000000 0.001295 0.001524 0.000182 0.358898 0.000001 0.004246 0.000507 2.979409 0.094545 0.039976 0.000183 0.393939 0.000002 0.101478 0.000465 -0.024574 0.003573 0.002061 0.000227 0.393939 0.000002 0.005231 0.000576 2.842113 0.088523
204 15386 12093003 0.037339 0.000221 0.358898 0.000001 0.104039 0.000615 -0.000000 0.000462 0.001662 0.000177 0.358898 0.000001 0.004631 0.000494 2.989498 0.084182 0.039716 0.000178 0.393939 0.000001 0.100817 0.000452 -0.027696 0.003496 0.001106 0.000221 0.393939 0.000001 0.002807 0.000561 -3.119253 0.156933
205 15386 12093004 0.037710 0.000224 0.358898 0.000001 0.105071 0.000624 -0.000000 0.003446 0.002015 0.000184 0.358898 0.000001 0.005614 0.000514 3.048466 0.071631 0.039997 0.000185 0.393939 0.000001 0.101531 0.000469 -0.026999 0.003598 0.001571 0.000224 0.393939 0.000001 0.003987 0.000568 2.930759 0.112727
206 15386 12093006 0.037476 0.000333 0.358898 0.000002 0.104420 0.000929 -0.000000 0.004466 0.001204 0.000276 0.358898 0.000002 0.003356 0.000768 2.996987 0.180200 0.040026 0.000277 0.393939 0.000002 0.101606 0.000703 -0.028169 0.005385 0.001383 0.000331 0.393939 0.000002 0.003511 0.000841 -3.001105 0.191574
207 15386 12093007 0.036480 0.000229 0.333611 0.000002 0.109348 0.000688 -0.000000 0.000654 0.001629 0.000190 0.333611 0.000002 0.004884 0.000571 3.014591 0.091791 0.039354 0.000191 0.432608 0.000001 0.090969 0.000442 -0.022415 0.003778 0.001722 0.000223 0.432608 0.000001 0.003982 0.000516 2.684803 0.109233
208 15386 12093008 0.035985 0.000336 0.331338 0.000001 0.108605 0.001016 -0.000000 0.044461 0.002000 0.000271 0.331338 0.000001 0.006035 0.000819 3.084430 0.105773 0.039838 0.000271 0.349501 0.000002 0.113985 0.000777 -0.022595 0.005304 0.001284 0.000337 0.349501 0.000002 0.003674 0.000964 3.013088 0.205589
209 15386 12093010 0.035984 0.000506 0.331338 0.000002 0.108601 0.001527 -0.000000 0.003183 0.002920 0.000399 0.331338 0.000002 0.008814 0.001204 2.802616 0.112961 0.040473 0.000409 0.349501 0.000003 0.115802 0.001169 -0.028755 0.007858 0.001640 0.000495 0.349501 0.000003 0.004693 0.001418 2.730002 0.250487
210 15386 12093011 0.035573 0.000415 0.331338 0.000002 0.107362 0.001252 0.007222 0.009153 0.001881 0.000322 0.331338 0.000002 0.005676 0.000973 3.134538 0.133509 0.039726 0.000322 0.349501 0.000002 0.113665 0.000922 -0.024162 0.006325 0.001271 0.000404 0.349501 0.000002 0.003636 0.001157 -2.829345 0.266466
211 15390 12093021 0.040985 0.000229 0.421256 0.000002 0.097293 0.000543 -0.033592 0.004400 0.000932 0.000185 0.421256 0.000002 0.002213 0.000440 0.134532 0.157547 0.042087 0.000186 0.433643 0.000001 0.097054 0.000428 -0.015886 0.003489 0.000779 0.000226 0.433643 0.000001 0.001796 0.000521 0.204203 0.234528
212 15390 12093022 0.041040 0.000299 0.421256 0.000002 0.097423 0.000709 -0.000000 0.000746 0.000530 0.000243 0.421256 0.000002 0.001259 0.000578 -0.274784 0.370891 0.041663 0.000247 0.433643 0.000002 0.096076 0.000569 -0.019486 0.004674 0.000405 0.000286 0.433643 0.000002 0.000934 0.000661 -0.542527 0.605389
213 15390 12093023 0.041632 0.000190 0.421256 0.000002 0.098828 0.000450 -0.031370 0.003587 0.000701 0.000157 0.421256 0.000002 0.001664 0.000373 0.319069 0.184021 0.041637 0.000160 0.433643 0.000001 0.096017 0.000368 -0.019114 0.003023 0.000515 0.000185 0.433643 0.000001 0.001187 0.000426 -0.436648 0.300110
214 15390 12093024 0.040946 0.000193 0.421256 0.000002 0.097200 0.000458 -0.000000 0.000302 0.001146 0.000164 0.421256 0.000002 0.002721 0.000389 -0.029984 0.111143 0.041488 0.000164 0.433643 0.000001 0.095673 0.000378 -0.008267 0.003102 0.000537 0.000189 0.433643 0.000001 0.001239 0.000435 -0.424511 0.292034
215 15392 12093029 0.040973 0.000150 0.454384 0.000001 0.090173 0.000331 -0.000000 0.000340 0.001018 0.000129 0.454384 0.000001 0.002240 0.000283 -0.178448 0.100177 0.043505 0.000129 0.454737 0.000001 0.095670 0.000285 -0.020750 0.002322 0.001147 0.000149 0.454737 0.000001 0.002523 0.000328 0.164034 0.105184
216 15392 12093031 0.041406 0.000201 0.435597 0.000002 0.095056 0.000462 -0.000000 0.000375 0.000787 0.000169 0.435597 0.000002 0.001807 0.000387 0.101248 0.165925 0.043915 0.000169 0.454737 0.000001 0.096573 0.000371 -0.020669 0.002992 0.000863 0.000201 0.454737 0.000001 0.001897 0.000442 0.082441 0.182822
217 15392 12093032 0.040871 0.000214 0.435597 0.000002 0.093828 0.000490 -0.000000 0.000439 0.000988 0.000173 0.435597 0.000002 0.002268 0.000398 0.061865 0.135565 0.043960 0.000173 0.454737 0.000001 0.096671 0.000381 -0.013524 0.003071 0.001615 0.000214 0.454737 0.000001 0.003552 0.000471 -0.075107 0.103547
218 15392 12093033 0.040996 0.000223 0.435597 0.000002 0.094115 0.000512 -0.000000 0.001956 0.001244 0.000185 0.435597 0.000002 0.002855 0.000424 0.197949 0.116819 0.044386 0.000186 0.454737 0.000002 0.097608 0.000408 -0.027697 0.003247 0.001365 0.000222 0.454737 0.000002 0.003001 0.000489 0.106898 0.129204
219 15392 12093034 0.041297 0.000358 0.435597 0.000003 0.094805 0.000822 -0.000000 0.002158 0.000858 0.000290 0.435597 0.000003 0.001970 0.000667 -0.086484 0.258193 0.044122 0.000291 0.454737 0.000002 0.097029 0.000640 -0.000000 0.000529 0.001416 0.000358 0.454737 0.000002 0.003114 0.000787 0.025319 0.381471
220 15392 12093039 0.041681 0.000257 0.399684 0.000001 0.104285 0.000644 -0.000000 0.001752 0.001399 0.000205 0.399684 0.000001 0.003499 0.000514 -0.263843 0.119066 0.044178 0.000208 0.395790 0.000002 0.111619 0.000527 -0.015808 0.003688 0.001543 0.000251 0.395790 0.000002 0.003898 0.000633 0.316135 0.135933
221 15392 12093040 0.041717 0.000352 0.399684 0.000002 0.104374 0.000882 -0.000000 0.000905 0.001213 0.000280 0.399684 0.000002 0.003035 0.000701 -0.416945 0.196551 0.044318 0.000290 0.395790 0.000003 0.111972 0.000734 -0.038982 0.005113 0.001562 0.000337 0.395790 0.000003 0.003946 0.000851 0.430375 0.188675
222 15392 12093042 0.041026 0.000339 0.399684 0.000002 0.102646 0.000849 -0.000000 0.003825 0.001260 0.000277 0.399684 0.000002 0.003153 0.000692 0.000000 4.341790 0.044978 0.000277 0.395790 0.000003 0.113640 0.000699 -0.027580 0.004792 0.001964 0.000340 0.395790 0.000003 0.004962 0.000858 0.007547 0.585604
223 15392 12093044 0.039652 0.000794 0.399684 0.000004 0.099209 0.001987 -0.044409 0.015620 0.001408 0.000610 0.399684 0.000004 0.003523 0.001527 -0.503502 0.379826 0.044339 0.000643 0.395790 0.000006 0.112027 0.001623 -0.025620 0.011283 0.001180 0.000713 0.395790 0.000006 0.002981 0.001802 0.707272 0.594174
224 15392 12093049 0.041081 0.000400 0.378102 0.000002 0.108652 0.001058 -0.000000 0.001818 0.001703 0.000320 0.378102 0.000002 0.004504 0.000846 -0.257715 0.151690 0.044842 0.000324 0.376750 0.000002 0.119025 0.000861 -0.026877 0.005641 0.001372 0.000399 0.376750 0.000002 0.003640 0.001058 -0.246345 0.228546
225 15392 12093050 0.041931 0.000592 0.378102 0.000002 0.110897 0.001566 -0.000000 0.002374 0.001977 0.000482 0.378102 0.000002 0.005229 0.001275 -0.171087 0.192076 0.045062 0.000485 0.376750 0.000003 0.119608 0.001288 -0.028400 0.008383 0.001953 0.000526 0.376750 0.000003 0.005183 0.001395 0.758573 0.274997
226 15392 12093051 0.040916 0.000724 0.378102 0.000003 0.108214 0.001914 -0.040252 0.013774 0.002150 0.000574 0.378102 0.000003 0.005686 0.001517 -0.125202 0.207564 0.043895 0.000576 0.376750 0.000004 0.116509 0.001528 -0.004729 0.010186 0.002861 0.000724 0.376750 0.000004 0.007594 0.001922 -0.110067 0.195086
227 15393 12094008 0.041595 0.000217 0.422853 0.000001 0.098368 0.000512 0.001316 0.004062 0.001172 0.000167 0.422853 0.000001 0.002772 0.000395 2.777628 0.120111 0.040633 0.000172 0.365329 0.000001 0.111222 0.000469 -0.018315 0.003333 0.001655 0.000217 0.365329 0.000001 0.004530 0.000593 -3.118731 0.102283
228 15393 12094009 0.042057 0.000238 0.422853 0.000001 0.099460 0.000563 -0.000000 0.000778 0.001241 0.000195 0.422853 0.000001 0.002936 0.000461 -3.132698 0.123433 0.040640 0.000195 0.365329 0.000002 0.111243 0.000534 -0.026769 0.003774 0.001356 0.000232 0.365329 0.000002 0.003713 0.000634 -2.816911 0.143018
229 15393 12094010 0.042136 0.000225 0.422853 0.000001 0.099647 0.000533 -0.000000 0.001128 0.001412 0.000182 0.422853 0.000001 0.003339 0.000431 2.904154 0.104441 0.040294 0.000184 0.365329 0.000001 0.110295 0.000504 -0.029305 0.003594 0.001722 0.000225 0.365329 0.000001 0.004714 0.000615 -3.052923 0.102618
230 15393 12094011 0.041741 0.000238 0.422853 0.000001 0.098712 0.000562 -0.000000 0.001838 0.001538 0.000190 0.422853 0.000001 0.003637 0.000448 3.131270 0.096759 0.039930 0.000189 0.365329 0.000001 0.109298 0.000519 -0.033270 0.003730 0.000998 0.000238 0.365329 0.000001 0.002731 0.000651 3.018713 0.185730
231 15393 12094013 0.041186 0.000236 0.422853 0.000001 0.097401 0.000558 -0.000000 0.000644 0.001233 0.000201 0.422853 0.000001 0.002917 0.000475 3.067103 0.127751 0.040510 0.000201 0.365329 0.000002 0.110886 0.000551 -0.021993 0.003882 0.001695 0.000236 0.365329 0.000002 0.004639 0.000646 2.969439 0.108962
232 15393 12094014 0.041902 0.000239 0.422853 0.000001 0.099093 0.000566 -0.000000 0.000883 0.001329 0.000202 0.422853 0.000001 0.003142 0.000477 3.020378 0.119858 0.039872 0.000202 0.365329 0.000002 0.109139 0.000554 -0.035040 0.003975 0.001147 0.000240 0.365329 0.000002 0.003139 0.000656 3.084731 0.162253
233 15393 12094015 0.040953 0.000446 0.392434 0.000002 0.104357 0.001136 -0.000000 0.001551 0.001650 0.000354 0.392434 0.000002 0.004206 0.000903 -2.906866 0.171912 0.040435 0.000357 0.487281 0.000002 0.082981 0.000733 -0.031313 0.006925 0.001860 0.000439 0.487281 0.000002 0.003818 0.000901 -2.904398 0.191991
234 15393 12094016 0.041171 0.000251 0.392434 0.000001 0.104913 0.000638 -0.000000 0.001169 0.001013 0.000211 0.392434 0.000001 0.002581 0.000538 -3.124564 0.162495 0.039795 0.000211 0.467081 0.000001 0.085199 0.000451 -0.023688 0.004140 0.001200 0.000250 0.467081 0.000001 0.002570 0.000535 2.933800 0.163590
235 15393 12094020 0.041336 0.000265 0.392434 0.000001 0.105333 0.000676 -0.000000 0.001449 0.001296 0.000210 0.392434 0.000001 0.003303 0.000534 3.075670 0.126609 0.039673 0.000210 0.467081 0.000001 0.084938 0.000449 -0.027482 0.004131 0.001275 0.000266 0.467081 0.000001 0.002729 0.000569 3.059894 0.161822
236 15393 12094022 0.040985 0.000340 0.411952 0.000002 0.099490 0.000824 -0.000000 0.002910 0.001361 0.000273 0.411952 0.000002 0.003304 0.000662 3.069094 0.157166 0.038643 0.000273 0.311563 0.000002 0.124031 0.000876 -0.045986 0.005532 0.001078 0.000304 0.311563 0.000002 0.003459 0.000976 -2.416362 0.282791
237 15393 12094024 0.040749 0.000293 0.369097 0.000002 0.110402 0.000795 -0.000000 0.000949 0.000968 0.000240 0.369097 0.000002 0.002624 0.000652 2.851963 0.202896 0.039674 0.000245 0.460012 0.000002 0.086246 0.000532 -0.040327 0.004819 0.001490 0.000282 0.460012 0.000002 0.003238 0.000614 -2.746797 0.162971
238 15393 12094026 0.040926 0.000441 0.369097 0.000003 0.110880 0.001194 -0.030639 0.008372 0.000865 0.000362 0.369097 0.000003 0.002344 0.000980 -3.018836 0.326650 0.038910 0.000362 0.460012 0.000002 0.084585 0.000787 -0.046830 0.007263 0.001720 0.000440 0.460012 0.000002 0.003740 0.000956 -3.072142 0.200274
239 15397 12094060 0.041340 0.000226 0.365265 0.000002 0.113179 0.000618 -0.000000 0.000441 0.001506 0.000194 0.365265 0.000002 0.004124 0.000532 2.966738 0.102839 0.042961 0.000195 0.482229 0.000001 0.089088 0.000405 -0.012863 0.003568 0.001523 0.000226 0.482229 0.000001 0.003158 0.000469 3.095018 0.115916
240 15397 12094061 0.041346 0.000242 0.365265 0.000002 0.113195 0.000663 -0.000000 0.000716 0.001558 0.000205 0.365265 0.000002 0.004264 0.000562 -3.040886 0.103521 0.043595 0.000205 0.482229 0.000001 0.090402 0.000426 -0.026389 0.003694 0.001726 0.000242 0.482229 0.000001 0.003578 0.000501 -3.034938 0.110948
241 15397 12094062 0.040960 0.000241 0.365265 0.000002 0.112139 0.000660 -0.025759 0.004604 0.001846 0.000204 0.365265 0.000002 0.005054 0.000557 -3.023719 0.086779 0.043439 0.000204 0.482229 0.000001 0.090080 0.000423 -0.025808 0.003679 0.001474 0.000241 0.482229 0.000001 0.003057 0.000500 3.098423 0.127895
242 15397 12094063 0.040723 0.000246 0.365265 0.000002 0.111489 0.000675 -0.000000 0.000491 0.001516 0.000214 0.365265 0.000002 0.004152 0.000585 -2.933261 0.111951 0.043423 0.000215 0.482229 0.000001 0.090046 0.000446 -0.000000 0.000350 0.001469 0.000244 0.482229 0.000001 0.003045 0.000506 2.824478 0.134061
243 15397 12094064 0.040840 0.000248 0.365265 0.000002 0.111809 0.000680 -0.000000 0.000800 0.001438 0.000217 0.365265 0.000002 0.003937 0.000593 3.026199 0.118778 0.042932 0.000217 0.482229 0.000001 0.089029 0.000451 -0.016147 0.003959 0.001950 0.000247 0.482229 0.000001 0.004044 0.000512 2.882581 0.100893
244 15397 12094065 0.040741 0.000262 0.365265 0.000002 0.111537 0.000717 -0.025721 0.005018 0.001687 0.000218 0.365265 0.000002 0.004619 0.000598 3.119630 0.101146 0.043114 0.000218 0.482229 0.000001 0.089406 0.000453 -0.026414 0.003960 0.001628 0.000261 0.482229 0.000001 0.003377 0.000541 2.927048 0.126424
245 15397 12095005 0.039770 0.000252 0.371096 0.000001 0.107168 0.000680 -0.000000 0.000679 0.001242 0.000216 0.371096 0.000001 0.003348 0.000582 -2.963129 0.136948 0.043324 0.000217 0.348903 0.000002 0.124171 0.000622 -0.018052 0.003896 0.001388 0.000247 0.348903 0.000002 0.003979 0.000707 2.718501 0.149148
246 15397 12095006 0.039244 0.000308 0.371096 0.000002 0.105752 0.000830 -0.032637 0.006217 0.000000 0.000000 0.371096 0.000002 0.000000 0.000000 0.000000 0.000000 0.000000 0.000000 0.348903 0.000003 0.000000 0.000000 0.000000 0.000000 0.002174 0.000301 0.348903 0.000003 0.006232 0.000863 -2.847908 0.116211
247 15397 12095008 0.039482 0.000306 0.371096 0.000001 0.106394 0.000824 -0.024391 0.006139 0.001933 0.000263 0.371096 0.000001 0.005209 0.000709 2.949790 0.108072 0.043117 0.000265 0.348903 0.000002 0.123580 0.000760 -0.019115 0.004781 0.001702 0.000303 0.348903 0.000002 0.004877 0.000869 2.841858 0.144661
248 15397 12095018 0.038706 0.000441 0.371097 0.000002 0.104301 0.001189 -0.000000 0.001822 0.002569 0.000379 0.371097 0.000002 0.006923 0.001021 2.962794 0.116690 0.043417 0.000382 0.348903 0.000003 0.124439 0.001094 -0.012644 0.006823 0.001666 0.000418 0.348903 0.000003 0.004775 0.001197 2.508983 0.227141
249 15397 12095020 0.038382 0.000388 0.351090 0.000002 0.109322 0.001105 -0.000000 0.000852 0.001960 0.000333 0.351090 0.000002 0.005582 0.000947 -3.061922 0.131837 0.043073 0.000333 0.485337 0.000002 0.088748 0.000685 -0.026024 0.005997 0.001383 0.000379 0.485337 0.000002 0.002849 0.000780 -2.827987 0.231142
250 15397 12095021 0.038655 0.000288 0.351090 0.000001 0.110099 0.000821 -0.036395 0.005902 0.001354 0.000255 0.351090 0.000001 0.003856 0.000725 -3.118723 0.145569 0.043231 0.000254 0.360048 0.000002 0.120069 0.000706 -0.028754 0.004564 0.001658 0.000283 0.360048 0.000002 0.004606 0.000787 2.756670 0.141578
251 15397 12095023 0.039147 0.000269 0.351090 0.000002 0.111501 0.000765 -0.032582 0.005428 0.000000 0.000000 0.351090 0.000002 0.000000 0.000000 0.000000 0.000000 0.000000 0.000000 0.360048 0.000002 0.000000 0.000000 0.000000 0.000000 0.001560 0.000265 0.360048 0.000002 0.004334 0.000736 -2.933029 0.139119
252 15399 12095037 0.041065 0.000245 0.389468 0.000002 0.105438 0.000629 -0.000000 0.000722 0.001790 0.000210 0.389468 0.000002 0.004596 0.000539 -0.126290 0.092562 0.042695 0.000211 0.509721 0.000001 0.083761 0.000413 -0.023388 0.003865 0.000879 0.000245 0.509721 0.000001 0.001725 0.000482 -0.065123 0.215696
253 15399 12095038 0.040886 0.000199 0.389468 0.000002 0.104978 0.000512 -0.032231 0.003834 0.001012 0.000171 0.389468 0.000002 0.002599 0.000440 0.074028 0.131748 0.043025 0.000171 0.509721 0.000001 0.084408 0.000336 -0.013856 0.003115 0.001485 0.000196 0.509721 0.000001 0.002914 0.000384 0.247373 0.108434
254 15399 12095043 0.040105 0.000245 0.389468 0.000002 0.102974 0.000629 -0.000000 0.000677 0.001533 0.000199 0.389468 0.000002 0.003937 0.000511 0.106235 0.101454 0.043048 0.000199 0.509721 0.000001 0.084455 0.000391 -0.008241 0.003611 0.000924 0.000245 0.509721 0.000001 0.001812 0.000480 0.059416 0.205412
255 15399 12095052 0.039410 0.000237 0.343430 0.000002 0.114753 0.000689 -0.000000 0.000524 0.001465 0.000199 0.343430 0.000002 0.004267 0.000579 0.060869 0.105352 0.043533 0.000199 0.410759 0.000002 0.105982 0.000484 -0.014489 0.003561 0.001070 0.000237 0.410759 0.000002 0.002606 0.000576 -0.138943 0.172571
256 15399 12095054 0.039587 0.000254 0.343430 0.000002 0.115270 0.000741 -0.000000 0.000513 0.001357 0.000207 0.343430 0.000002 0.003951 0.000602 0.475573 0.130846 0.044291 0.000215 0.410759 0.000002 0.107827 0.000524 -0.000000 0.000292 0.000703 0.000254 0.410759 0.000002 0.001712 0.000618 0.078955 0.277334
257 15399 12095056 0.039964 0.000288 0.343430 0.000002 0.116369 0.000838 -0.039382 0.005636 0.001295 0.000246 0.343430 0.000002 0.003770 0.000717 -0.090134 0.147447 0.044378 0.000246 0.410759 0.000002 0.108038 0.000600 -0.010674 0.004313 0.000988 0.000277 0.410759 0.000002 0.002405 0.000674 0.397122 0.241045
258 15399 12095057 0.040033 0.000329 0.343430 0.000003 0.116569 0.000958 -0.000000 0.000937 0.001495 0.000264 0.343430 0.000003 0.004353 0.000769 0.050707 0.136037 0.044611 0.000264 0.410759 0.000002 0.108605 0.000642 -0.021294 0.004603 0.001897 0.000315 0.410759 0.000002 0.004618 0.000768 0.415526 0.144451
259 15399 12095059 0.040692 0.000309 0.357867 0.000003 0.113708 0.000864 -0.000000 0.000583 0.001773 0.000262 0.357867 0.000003 0.004953 0.000733 -0.153875 0.116401 0.044906 0.000264 0.480974 0.000002 0.093364 0.000548 -0.014779 0.004561 0.000765 0.000305 0.480974 0.000002 0.001591 0.000633 0.224337 0.319869
260 15399 12095060 0.039758 0.000332 0.357867 0.000003 0.111097 0.000929 -0.034202 0.006527 0.001168 0.000252 0.357867 0.000003 0.003263 0.000703 -0.553334 0.193984 0.044817 0.000267 0.480974 0.000002 0.093180 0.000555 -0.026638 0.004643 0.001196 0.000319 0.480974 0.000002 0.002486 0.000664 -0.529222 0.229761
261 15399 12095064 0.040726 0.000424 0.357867 0.000004 0.113803 0.001184 -0.000000 0.001466 0.001157 0.000345 0.357867 0.000004 0.003233 0.000964 0.163670 0.231677 0.044721 0.000346 0.480974 0.000002 0.092980 0.000719 -0.032433 0.006011 0.001263 0.000424 0.480974 0.000002 0.002626 0.000882 -0.035367 0.472019
262 15402 12096005 0.039846 0.000204 0.408411 0.000001 0.097563 0.000500 -0.000000 0.000689 0.000389 0.000170 0.408411 0.000001 0.000953 0.000415 -0.218809 0.344850 0.042988 0.000171 0.472902 0.000001 0.090903 0.000362 -0.000000 0.000203 0.000500 0.000189 0.472902 0.000001 0.001057 0.000399 0.612903 0.355020
263 15403 12096011 0.040336 0.000341 0.410474 0.000002 0.098267 0.000831 -0.000000 0.002003 0.001028 0.000277 0.410474 0.000002 0.002504 0.000675 -0.351600 0.224962 0.041607 0.000284 0.459215 0.000002 0.090605 0.000618 -0.016253 0.005377 0.000747 0.000342 0.459215 0.000002 0.001627 0.000744 -0.086707 0.362220
264 15403 12096014 0.039570 0.000204 0.410474 0.000001 0.096400 0.000497 -0.000000 0.000551 0.001036 0.000172 0.410474 0.000001 0.002524 0.000419 -0.068193 0.130125 0.041329 0.000172 0.459215 0.000001 0.090000 0.000375 -0.024017 0.003279 0.001195 0.000202 0.459215 0.000001 0.002602 0.000440 0.191991 0.137078
265 15403 12096015 0.039022 0.000213 0.410475 0.000001 0.095066 0.000519 -0.000000 0.000480 0.000820 0.000172 0.410475 0.000001 0.001997 0.000418 -0.415416 0.178861 0.041159 0.000177 0.459215 0.000001 0.089629 0.000386 -0.029102 0.003397 0.001209 0.000211 0.459215 0.000001 0.002632 0.000460 0.151106 0.140596
266 15403 12096024 0.037476 0.000300 0.410474 0.000002 0.091300 0.000731 0.001888 0.006319 0.000835 0.000243 0.410474 0.000002 0.002034 0.000592 -0.333557 0.240011 0.040610 0.000248 0.459215 0.000002 0.088434 0.000541 -0.032936 0.004790 0.001707 0.000290 0.459215 0.000002 0.003718 0.000632 0.370944 0.145768
267 15403 12096026 0.037826 0.000237 0.330395 0.000002 0.114486 0.000717 -0.000000 0.000866 0.001064 0.000183 0.330395 0.000002 0.003221 0.000554 -0.473378 0.149738 0.040825 0.000191 0.444603 0.000001 0.091824 0.000430 -0.037071 0.003665 0.000860 0.000237 0.444603 0.000001 0.001935 0.000534 -0.061483 0.212871
268 15403 12096027 0.037584 0.000245 0.330395 0.000002 0.113754 0.000741 -0.000000 0.000660 0.001083 0.000201 0.330395 0.000002 0.003279 0.000608 -0.176236 0.146801 0.040793 0.000202 0.444603 0.000001 0.091751 0.000455 -0.031824 0.003870 0.001753 0.000245 0.444603 0.000001 0.003944 0.000551 -0.079620 0.109441
269 15403 12096028 0.037390 0.000231 0.330395 0.000002 0.113169 0.000700 -0.000000 0.000639 0.001013 0.000178 0.330395 0.000002 0.003065 0.000540 -0.656781 0.166340 0.040667 0.000193 0.444603 0.000001 0.091469 0.000435 -0.046115 0.003713 0.001197 0.000232 0.444603 0.000001 0.002692 0.000521 -0.087707 0.151152
270 15403 12096029 0.037207 0.000254 0.330395 0.000002 0.112614 0.000769 -0.000000 0.007440 0.001292 0.000213 0.330395 0.000002 0.003909 0.000644 0.063355 0.127415 0.041035 0.000212 0.444603 0.000001 0.092296 0.000478 -0.040376 0.004039 0.001598 0.000249 0.444603 0.000001 0.003595 0.000560 -0.404081 0.129050
271 15403 12096030 0.036602 0.000393 0.330395 0.000003 0.110781 0.001191 -0.000000 0.002470 0.001209 0.000317 0.330395 0.000003 0.003660 0.000960 -0.169730 0.206590 0.040204 0.000319 0.444603 0.000002 0.090426 0.000717 -0.032844 0.006195 0.001642 0.000382 0.444603 0.000002 0.003694 0.000860 0.335196 0.196572
272 15403 12096033 0.036325 0.000419 0.361169 0.000004 0.100577 0.001160 -0.000000 0.002314 0.001182 0.000329 0.361169 0.000004 0.003273 0.000911 -0.493214 0.243294 0.040483 0.000345 0.445565 0.000003 0.090859 0.000774 -0.029488 0.006643 0.001147 0.000418 0.445565 0.000003 0.002575 0.000938 -0.227350 0.286495
273 15403 12096034 0.035944 0.000257 0.361169 0.000002 0.099522 0.000711 -0.000000 0.000812 0.000727 0.000220 0.361169 0.000002 0.002014 0.000610 -0.093576 0.233000 0.040227 0.000220 0.445565 0.000002 0.090283 0.000495 -0.036563 0.004268 0.001354 0.000257 0.445565 0.000002 0.003039 0.000578 -0.089420 0.148336
274 15403 12096036 0.036097 0.000236 0.361169 0.000002 0.099946 0.000654 0.022465 0.005140 0.000812 0.000184 0.361169 0.000002 0.002249 0.000510 -0.487292 0.198759 0.040844 0.000194 0.445565 0.000001 0.091668 0.000434 -0.000000 0.000110 0.000788 0.000232 0.445565 0.000001 0.001768 0.000520 -0.393912 0.241477
275 15404 12096046 0.039830 0.000269 0.409743 0.000001 0.097207 0.000656 -0.000000 0.000822 0.001779 0.000237 0.409743 0.000001 0.004341 0.000579 -3.053967 0.105898 0.040572 0.000237 0.450553 0.000002 0.090049 0.000527 -0.029553 0.004637 0.001577 0.000268 0.450553 0.000002 0.003500 0.000594 2.918358 0.134606
276 15408 12096057 0.041353 0.000326 0.418421 0.000001 0.098831 0.000780 -0.000000 0.001247 0.001405 0.000266 0.418421 0.000001 0.003359 0.000637 -2.966697 0.150422 0.043096 0.000268 0.402917 0.000002 0.106960 0.000664 -0.030263 0.004868 0.001462 0.000295 0.402917 0.000002 0.003629 0.000732 -2.446003 0.198091
277 15408 12096059 0.040647 0.000284 0.418421 0.000001 0.097144 0.000679 -0.000000 0.000943 0.001737 0.000239 0.418421 0.000001 0.004152 0.000571 -3.079224 0.107912 0.042899 0.000239 0.402917 0.000002 0.106470 0.000593 -0.029387 0.004369 0.001341 0.000284 0.402917 0.000002 0.003329 0.000705 -3.077691 0.165596
278 15408 12096060 0.040592 0.000193 0.418421 0.000001 0.097013 0.000461 -0.000000 0.000341 0.001206 0.000169 0.418421 0.000001 0.002882 0.000405 3.084138 0.109631 0.043130 0.000169 0.402917 0.000001 0.107045 0.000420 -0.028675 0.003062 0.001870 0.000191 0.402917 0.000001 0.004640 0.000474 -2.951412 0.081627
279 15408 12096061 0.040088 0.000196 0.418421 0.000001 0.095808 0.000469 -0.000000 0.000776 0.001221 0.000165 0.418421 0.000001 0.002918 0.000395 -3.088057 0.105632 0.042495 0.000165 0.402917 0.000001 0.105468 0.000410 -0.024047 0.003035 0.001560 0.000196 0.402917 0.000001 0.003873 0.000487 -3.082059 0.098207
280 15408 12097001 0.040138 0.000209 0.418421 0.000001 0.095928 0.000499 -0.000000 0.000529 0.001328 0.000180 0.418421 0.000001 0.003173 0.000429 2.863098 0.109791 0.042352 0.000183 0.402917 0.000001 0.105114 0.000453 -0.031107 0.003354 0.001703 0.000208 0.402917 0.000001 0.004226 0.000517 -3.069468 0.095699
281 15408 12097003 0.038936 0.000204 0.418421 0.000001 0.093054 0.000487 -0.000000 0.000435 0.001764 0.000178 0.418421 0.000001 0.004216 0.000426 -3.060203 0.078795 0.041850 0.000178 0.402917 0.000001 0.103867 0.000443 -0.029661 0.003319 0.001416 0.000203 0.402917 0.000001 0.003515 0.000505 2.959212 0.112340
282 15408 12097004 0.038794 0.000306 0.418421 0.000001 0.092716 0.000732 -0.000000 0.001329 0.001491 0.000261 0.418421 0.000001 0.003562 0.000625 -2.706578 0.148362 0.042282 0.000270 0.402917 0.000002 0.104939 0.000671 -0.031538 0.004971 0.001497 0.000306 0.402917 0.000002 0.003716 0.000760 -3.112890 0.159328
283 15408 12097007 0.039261 0.000237 0.374549 0.000001 0.104823 0.000634 -0.000000 0.000680 0.001315 0.000205 0.374549 0.000001 0.003511 0.000548 2.988299 0.123291 0.041475 0.000206 0.425847 0.000001 0.097395 0.000485 -0.000000 0.000174 0.001434 0.000230 0.425847 0.000001 0.003368 0.000541 -2.791943 0.135238
284 15408 12097008 0.038531 0.000223 0.374549 0.000001 0.102874 0.000595 -0.029110 0.004496 0.001684 0.000185 0.374549 0.000001 0.004495 0.000494 3.092484 0.085700 0.041380 0.000185 0.425847 0.000001 0.097172 0.000434 -0.038175 0.003486 0.001606 0.000223 0.425847 0.000001 0.003772 0.000523 3.124648 0.107899
285 15408 12097010 0.038333 0.000222 0.374549 0.000001 0.102345 0.000592 -0.027621 0.004496 0.001413 0.000193 0.374549 0.000001 0.003772 0.000514 -2.923662 0.108084 0.041459 0.000194 0.425847 0.000001 0.097358 0.000455 -0.027073 0.003638 0.001420 0.000219 0.425847 0.000001 0.003334 0.000515 -2.954200 0.123679
286 15408 12097011 0.038223 0.000233 0.374549 0.000001 0.102050 0.000623 -0.000000 0.000816 0.001865 0.000197 0.374549 0.000001 0.004979 0.000525 3.039882 0.082467 0.041024 0.000197 0.425847 0.000001 0.096334 0.000463 -0.032707 0.003735 0.001331 0.000234 0.425847 0.000001 0.003126 0.000548 3.001718 0.136560
287 15408 12097012 0.038065 0.000241 0.374549 0.000001 0.101629 0.000643 -0.000000 0.000572 0.001555 0.000211 0.374549 0.000001 0.004152 0.000563 3.085058 0.105469 0.041313 0.000211 0.425847 0.000001 0.097015 0.000495 -0.041251 0.003968 0.001325 0.000235 0.425847 0.000001 0.003111 0.000553 -2.842962 0.146990
288 15408 12097013 0.037624 0.000237 0.374549 0.000001 0.100452 0.000631 -0.000000 0.000763 0.001547 0.000199 0.374549 0.000001 0.004132 0.000532 3.038231 0.100702 0.041295 0.000200 0.425847 0.000001 0.096972 0.000469 -0.027692 0.003759 0.001556 0.000235 0.425847 0.000001 0.003654 0.000552 2.882816 0.119727
289 15408 12097016 0.037374 0.000238 0.391727 0.000001 0.095408 0.000607 -0.000000 0.000442 0.001502 0.000194 0.391727 0.000001 0.003834 0.000496 2.980208 0.102086 0.040815 0.000195 0.345061 0.000001 0.118284 0.000566 -0.024251 0.003720 0.001403 0.000236 0.345061 0.000001 0.004067 0.000684 -2.993175 0.133629
290 15408 12097017 0.036624 0.000233 0.377427 0.000001 0.097036 0.000616 -0.000000 0.000561 0.001781 0.000197 0.377427 0.000001 0.004718 0.000522 3.123645 0.085873 0.040789 0.000197 0.345061 0.000001 0.118209 0.000570 -0.033420 0.003750 0.001719 0.000233 0.345061 0.000001 0.004983 0.000675 3.007797 0.105528
291 15408 12097018 0.037338 0.000236 0.377427 0.000001 0.098928 0.000625 -0.024856 0.004914 0.001524 0.000203 0.377427 0.000001 0.004037 0.000538 -2.888235 0.106240 0.040591 0.000205 0.345061 0.000001 0.117635 0.000594 -0.023157 0.003919 0.001421 0.000235 0.345061 0.000001 0.004118 0.000681 2.924262 0.130095
292 15408 12097019 0.036562 0.000243 0.377427 0.000001 0.096871 0.000643 -0.000000 0.000612 0.001713 0.000204 0.377427 0.000001 0.004540 0.000540 -3.125068 0.092105 0.040658 0.000204 0.345061 0.000001 0.117827 0.000590 -0.043028 0.003886 0.001529 0.000243 0.345061 0.000001 0.004431 0.000705 3.115254 0.123794
293 15408 12097021 0.036478 0.000384 0.377427 0.000001 0.096648 0.001018 -0.000000 0.001500 0.002130 0.000323 0.377427 0.000001 0.005643 0.000855 -2.832908 0.122607 0.041051 0.000328 0.345061 0.000002 0.118966 0.000950 -0.040331 0.006200 0.001932 0.000368 0.345061 0.000002 0.005598 0.001067 -2.720884 0.165293
294 15408 12097024 0.036625 0.000324 0.377427 0.000001 0.097039 0.000858 -0.038089 0.006892 0.001942 0.000275 0.377427 0.000001 0.005145 0.000729 2.988498 0.111387 0.040742 0.000276 0.345061 0.000002 0.118071 0.000801 -0.030279 0.005263 0.001502 0.000324 0.345061 0.000002 0.004354 0.000940 3.074005 0.167938
295 15419 12098007 0.043692 0.000234 0.394988 0.000002 0.110617 0.000592 -0.025427 0.004208 0.001714 0.000200 0.394988 0.000002 0.004340 0.000507 -3.109607 0.092069 0.042669 0.000200 0.409125 0.000002 0.104294 0.000490 -0.021681 0.003700 0.002155 0.000234 0.409125 0.000002 0.005267 0.000572 3.073522 0.085321
296 15419 12098008 0.043341 0.000198 0.394988 0.000002 0.109726 0.000501 -0.027569 0.003591 0.001716 0.000169 0.394988 0.000002 0.004345 0.000427 3.130070 0.077460 0.042084 0.000169 0.409125 0.000001 0.102863 0.000412 -0.028374 0.003160 0.001324 0.000197 0.409125 0.000001 0.003236 0.000481 -3.023255 0.118685
297 15419 12098010 0.043336 0.000199 0.394988 0.000003 0.109716 0.000503 -0.033038 0.003602 0.000000 0.000000 0.394988 0.000003 0.000000 0.000000 0.000000 0.000000 0.000000 0.000000 0.409125 0.000002 0.000000 0.000000 0.000000 0.000000 0.001362 0.000195 0.409125 0.000002 0.003329 0.000476 -2.862531 0.118499
298 15419 12098012 0.042819 0.000211 0.394988 0.000002 0.108407 0.000535 -0.000000 0.000422 0.001604 0.000169 0.394988 0.000002 0.004062 0.000428 -2.957909 0.084458 0.040019 0.000170 0.409125 0.000001 0.097815 0.000415 -0.028951 0.003359 0.001306 0.000211 0.409125 0.000001 0.003192 0.000517 -3.082353 0.127434
299 15419 12098014 0.042230 0.000329 0.394988 0.000003 0.106914 0.000833 -0.000000 0.000874 0.001709 0.000266 0.394988 0.000003 0.004327 0.000675 -3.049057 0.123432 0.039986 0.000267 0.409125 0.000002 0.097734 0.000652 -0.037065 0.005272 0.001311 0.000320 0.409125 0.000002 0.003204 0.000782 -2.801524 0.205872
300 15419 12098016 0.042950 0.000354 0.394988 0.000003 0.108737 0.000895 -0.037545 0.006458 0.001774 0.000289 0.394988 0.000003 0.004491 0.000732 3.107778 0.128860 0.039678 0.000289 0.409125 0.000003 0.096982 0.000707 -0.031685 0.005763 0.001367 0.000340 0.409125 0.000003 0.003341 0.000831 2.611429 0.215423
301 15419 12098017 0.042069 0.000221 0.382655 0.000001 0.109939 0.000578 -0.000000 0.000411 0.001522 0.000179 0.382655 0.000001 0.003977 0.000467 3.050548 0.092985 0.039322 0.000179 0.409193 0.000002 0.096096 0.000437 -0.038107 0.003590 0.001547 0.000219 0.409193 0.000002 0.003781 0.000536 -2.967618 0.113916
302 15419 12098018 0.042239 0.000219 0.382655 0.000001 0.110384 0.000573 -0.000000 0.000527 0.001530 0.000185 0.382655 0.000001 0.003998 0.000482 3.139938 0.095046 0.039307 0.000184 0.409193 0.000002 0.096059 0.000451 -0.048069 0.003705 0.001269 0.000220 0.409193 0.000002 0.003101 0.000537 3.111384 0.135418
303 15419 12098019 0.042035 0.000227 0.382655 0.000001 0.109850 0.000593 -0.032376 0.004235 0.001797 0.000183 0.382655 0.000001 0.004697 0.000479 3.135908 0.080265 0.039610 0.000183 0.409193 0.000002 0.096799 0.000448 -0.036692 0.003646 0.001490 0.000225 0.409193 0.000002 0.003641 0.000549 -2.961718 0.121632
304 15419 12098020 0.042161 0.000231 0.382655 0.000001 0.110181 0.000604 -0.026993 0.004292 0.001256 0.000187 0.382655 0.000001 0.003281 0.000489 3.126971 0.117279 0.039163 0.000187 0.409193 0.000002 0.095707 0.000457 -0.032054 0.003763 0.001170 0.000230 0.409193 0.000002 0.002858 0.000562 -3.041468 0.155969
305 15419 12098021 0.042424 0.000225 0.382655 0.000001 0.110868 0.000588 -0.030559 0.004154 0.001679 0.000188 0.382655 0.000001 0.004388 0.000491 3.116076 0.088000 0.039058 0.000188 0.409193 0.000002 0.095451 0.000459 -0.028701 0.003784 0.001486 0.000224 0.409193 0.000002 0.003631 0.000547 2.879152 0.120060
306 15419 12098022 0.041530 0.000290 0.382655 0.000001 0.108532 0.000757 -0.033270 0.005470 0.001089 0.000242 0.382655 0.000001 0.002846 0.000631 2.953733 0.177570 0.038594 0.000243 0.409193 0.000002 0.094316 0.000595 -0.043894 0.004957 0.001092 0.000290 0.409193 0.000002 0.002669 0.000709 3.029044 0.208034
307 15419 12098030 0.041752 0.000281 0.374941 0.000003 0.111357 0.000750 -0.000000 0.000744 0.001586 0.000226 0.374941 0.000003 0.004230 0.000602 2.858466 0.116827 0.038439 0.000230 0.324674 0.000003 0.118391 0.000707 -0.038374 0.004701 0.002105 0.000275 0.324674 0.000003 0.006483 0.000847 -2.856426 0.108319
308 15419 12098031 0.040370 0.000348 0.374941 0.000004 0.107669 0.000928 -0.034786 0.006729 0.001433 0.000281 0.374941 0.000004 0.003821 0.000748 2.849699 0.160674 0.038468 0.000285 0.324674 0.000003 0.118483 0.000879 -0.047479 0.005828 0.001631 0.000347 0.324674 0.000003 0.005023 0.001070 2.979798 0.166983
