0 18744 16064034 0.000000 0.000000 0.550652 0.009285 0.000000 0.000000 0.000000 0.000000 0.000000 0.000000 0.550652 0.009285 0.000000 0.000000 0.000000 0.000000 0.000000 0.000000 0.511690 0.008009 0.000000 0.000000 0.000000 0.000000 0.000000 0.000000 0.511690 0.008009 0.000000 0.000000 0.000000 0.000000
1 18749 16064074 0.021736 0.001395 0.594252 0.000010 0.036576 0.002347 -0.006170 0.131887 0.001624 0.001150 0.594252 0.000010 0.002734 0.001936 -2.197345 0.681557 0.019249 0.001238 0.000000 0.000000 0.000000 0.000000 -0.078273 0.052815 0.001954 0.001331 0.000000 0.000000 0.000000 0.000000 -2.397420 0.666680
2 18749 16064076 0.019812 0.001458 0.594252 0.000010 0.033339 0.002453 0.039168 0.065660 0.002573 0.001225 0.594252 0.000010 0.004329 0.002062 -2.241309 0.451699 0.021156 0.001311 0.000000 0.000000 0.000000 0.000000 0.000000 0.020080 0.003576 0.001309 0.000000 0.000000 0.000000 0.000000 1.752424 0.405099
3 18749 16064077 0.021383 0.001582 0.594252 0.000011 0.035983 0.002663 0.031422 0.066092 0.003504 0.001102 0.594252 0.000011 0.005896 0.001854 1.842297 0.399257 0.021408 0.001383 0.605369 0.000008 0.035363 0.002284 -0.056307 0.052557 0.001594 0.001431 0.605369 0.000008 0.002633 0.002364 1.871100 0.966195
4 18749 16064078 0.018573 0.000741 0.594252 0.000005 0.031254 0.001246 -0.034836 0.035749 0.001971 0.000535 0.594252 0.000005 0.003317 0.000899 -1.873309 0.305762 0.020512 0.000630 0.605369 0.000004 0.033883 0.001041 0.037230 0.024511 0.001792 0.000735 0.605369 0.000004 0.002960 0.001214 2.859870 0.373494
5 18749 16064079 0.019030 0.000792 0.594252 0.000005 0.032023 0.001333 -0.046791 0.037307 0.001535 0.000567 0.594252 0.000005 0.002583 0.000954 1.894572 0.466325 0.021093 0.000710 0.605369 0.000004 0.034843 0.001173 0.000000 0.017524 0.001179 0.000791 0.605369 0.000004 0.001947 0.001307 -3.036132 0.599563
6 18749 16064080 0.020211 0.000963 0.594252 0.000006 0.034012 0.001620 0.049864 0.042684 0.000511 0.000797 0.594252 0.000006 0.000860 0.001342 -2.464702 1.310819 0.020890 0.000819 0.605369 0.000005 0.034507 0.001353 0.000000 0.012607 0.001977 0.000940 0.605369 0.000005 0.003266 0.001552 0.523022 0.444467
7 18749 16064081 0.015356 0.002848 0.594252 0.000019 0.025840 0.004792 -0.137902 0.165777 0.002215 0.002305 0.594252 0.000019 0.003727 0.003878 -0.319300 0.860016 0.026253 0.002379 0.605369 0.000015 0.043367 0.003930 -0.114211 0.074926 0.006901 0.002642 0.605369 0.000015 0.011399 0.004365 2.148496 0.400249
8 18749 16064082 0.018506 0.000873 0.553593 0.000007 0.033428 0.001577 0.097540 0.042464 0.001654 0.000632 0.553593 0.000007 0.002987 0.001142 1.951420 0.479769 0.020228 0.000789 1.157912 0.001007 0.017469 0.000682 0.000000 0.085775 0.000562 0.000837 1.157912 0.001007 0.000486 0.000723 0.720227 1.338306
9 18749 16065001 0.019896 0.000949 0.553593 0.000007 0.035940 0.001714 0.050253 0.042891 0.001513 0.000817 0.553593 0.000007 0.002733 0.001477 0.293977 0.417584 0.021414 0.000816 0.587136 0.000007 0.036471 0.001389 0.079587 0.030080 0.003589 0.000862 0.587136 0.000007 0.006113 0.001468 1.856173 0.262060
10 18749 16065002 0.016790 0.000976 0.553593 0.000007 0.030328 0.001763 -0.069554 0.052039 0.001649 0.000755 0.553593 0.000007 0.002979 0.001363 1.218575 0.503618 0.020631 0.000885 0.587136 0.000008 0.035139 0.001507 0.112110 0.033730 0.001194 0.000928 0.587136 0.000008 0.002034 0.001580 -2.383069 0.766647
11 18749 16065003 0.017403 0.001024 0.553593 0.000008 0.031436 0.001850 0.061381 0.052832 0.001209 0.000791 0.553593 0.000008 0.002184 0.001429 -2.055551 0.678264 0.021091 0.000892 0.587136 0.000008 0.035923 0.001520 -0.021344 0.033906 0.001338 0.001008 0.587136 0.000008 0.002279 0.001717 2.695014 0.695069
12 18749 16065004 0.012719 0.004588 0.553593 0.000033 0.022976 0.008287 -0.272149 0.325521 0.003659 0.003844 0.553593 0.000033 0.006610 0.006943 -0.309909 0.859324 0.023511 0.004003 0.587136 0.000036 0.040044 0.006817 -0.019591 0.234631 0.009249 0.004482 0.587136 0.000036 0.015753 0.007634 -2.596965 0.462994
13 18749 16065005 0.019920 0.001040 0.553593 0.000008 0.035984 0.001878 0.125186 0.047113 0.002093 0.000725 0.553593 0.000008 0.003781 0.001310 -1.356911 0.440381 0.022311 0.000919 0.587136 0.000008 0.038000 0.001566 0.016294 0.032814 0.000981 0.000994 0.587136 0.000008 0.001672 0.001692 2.372780 0.987647
14 18749 16065006 0.018798 0.001052 0.632096 0.000008 0.029739 0.001664 -0.033089 0.050170 0.002560 0.000808 0.632096 0.000008 0.004051 0.001278 1.168614 0.342726 0.022988 0.000929 0.575857 0.000008 0.039919 0.001613 0.000000 0.016327 0.001795 0.001023 0.575857 0.000008 0.003116 0.001776 -0.589954 0.535759
15 18749 16065007 0.017956 0.001103 0.607981 0.000007 0.029534 0.001814 0.048423 0.055095 0.001971 0.000828 0.607981 0.000007 0.003242 0.001362 1.306648 0.482429 0.021648 0.000983 0.575857 0.000009 0.037593 0.001708 0.000000 0.010129 0.002275 0.001099 0.575857 0.000009 0.003951 0.001909 -0.230404 0.427181
16 18749 16065008 0.015650 0.001190 0.607981 0.000008 0.025740 0.001958 0.044056 0.068092 0.001228 0.000983 0.607981 0.000008 0.002019 0.001617 2.736047 0.727931 0.022690 0.001039 0.575857 0.000009 0.039402 0.001804 0.000000 0.033575 0.000991 0.001068 0.575857 0.000009 0.001721 0.001855 -1.657559 1.164008
17 18749 16065009 0.017968 0.001177 0.607981 0.000008 0.029553 0.001935 0.109882 0.058989 0.002598 0.000904 0.607981 0.000008 0.004273 0.001486 -1.929420 0.386683 0.020653 0.001057 0.575857 0.000009 0.035864 0.001835 -0.024291 0.040827 0.001173 0.001058 0.575857 0.000009 0.002037 0.001838 1.471914 0.981241
18 18749 16065010 0.016499 0.001244 0.607981 0.000008 0.027137 0.002045 0.241790 0.068556 0.001261 0.001027 0.607981 0.000008 0.002074 0.001690 -0.426692 0.726018 0.021736 0.001091 0.575857 0.000010 0.037745 0.001894 0.000000 0.020401 0.001398 0.001209 0.575857 0.000010 0.002428 0.002099 -2.546564 0.825478
19 18749 16065011 0.032716 0.005471 0.607981 0.000034 0.053810 0.008998 -0.117950 0.147682 0.009281 0.004565 0.607981 0.000034 0.015266 0.007508 0.173569 0.377665 0.021272 0.004508 0.575857 0.000042 0.036940 0.007829 0.000000 0.400963 0.002706 0.005436 0.575857 0.000042 0.004700 0.009440 -0.310865 3.553211
20 18749 16065012 0.015828 0.001236 0.607981 0.000008 0.026033 0.002033 -0.057615 0.069347 0.001947 0.000864 0.607981 0.000008 0.003202 0.001421 -1.798313 0.519833 0.020091 0.001041 0.575857 0.000010 0.034889 0.001808 -0.044487 0.041538 0.002706 0.001110 0.575857 0.000010 0.004700 0.001928 1.798816 0.451204
21 18749 16065013 0.019836 0.001219 0.607981 0.000008 0.032627 0.002004 0.133785 0.055187 0.001856 0.001079 0.607981 0.000008 0.003052 0.001775 0.638552 0.492239 0.020080 0.001107 0.575857 0.000010 0.034870 0.001923 -0.038648 0.044231 0.000076 0.004878 0.575857 0.000010 0.000132 0.008470 -0.198283 3.642856
22 18749 16065014 0.016114 0.001561 0.607981 0.000010 0.026504 0.002568 0.004617 0.395039 0.000955 0.001099 0.607981 0.000010 0.001570 0.001807 1.576347 1.381105 0.020536 0.001376 0.575857 0.000012 0.035662 0.002389 0.000000 0.046739 0.003628 0.001466 0.575857 0.000012 0.006300 0.002545 2.211411 0.410743
23 18749 16065015 0.019245 0.001432 0.607981 0.000009 0.031654 0.002355 -0.259569 0.067314 0.002962 0.001061 0.607981 0.000009 0.004871 0.001746 -0.918157 0.413326 0.024088 0.001280 0.575857 0.000011 0.041829 0.002224 0.117068 0.041538 0.001296 0.001302 0.575857 0.000011 0.002250 0.002262 -1.326355 1.067137
24 18749 16065016 0.019440 0.001399 0.607981 0.000009 0.031974 0.002301 0.129290 0.064447 0.002705 0.001099 0.607981 0.000009 0.004449 0.001808 -2.269997 0.385935 0.020195 0.001184 0.575857 0.000011 0.035069 0.002057 0.000000 0.030866 0.002409 0.001310 0.575857 0.000011 0.004183 0.002274 -0.964351 0.553359
25 18749 16065017 0.019508 0.001423 0.607981 0.000009 0.032086 0.002340 0.025107 0.064659 0.002780 0.000969 0.607981 0.000009 0.004573 0.001594 -1.498993 0.442966 0.022403 0.001231 0.575857 0.000011 0.038904 0.002138 -0.004309 0.109381 0.001629 0.001272 0.575857 0.000011 0.002829 0.002209 1.320778 0.853964
26 18749 16065018 0.016307 0.001839 0.607981 0.000012 0.026821 0.003024 -0.106513 0.100119 0.001459 0.001628 0.607981 0.000012 0.002399 0.002678 0.158740 1.086543 0.022333 0.001613 0.575857 0.000014 0.038783 0.002802 -0.026603 0.057436 0.003265 0.001838 0.575857 0.000014 0.005669 0.003192 -3.128022 0.499341
27 18750 16065023 0.018011 0.000730 0.580179 0.000006 0.031043 0.001258 -0.005503 0.059258 0.001422 0.000548 0.580179 0.000006 0.002451 0.000945 -1.778138 0.447911 0.022309 0.000652 0.556140 0.000004 0.040114 0.001172 0.000000 0.043278 0.002150 0.000658 0.556140 0.000004 0.003865 0.001183 -1.252095 0.335937
28 18750 16065024 0.018096 0.001002 0.604787 0.000006 0.029921 0.001656 -0.094258 0.049826 0.001575 0.000784 0.604787 0.000006 0.002604 0.001297 1.063585 0.507147 0.021546 0.000872 0.609826 0.000005 0.035331 0.001429 -0.000016 5.886302 0.000953 0.000936 0.609826 0.000005 0.001563 0.001535 0.994630 0.984717
29 18750 16065025 0.018796 0.000699 0.604787 0.000004 0.031079 0.001156 -0.005311 0.051855 0.001319 0.000543 0.604787 0.000004 0.002181 0.000898 -0.746361 0.444508 0.022084 0.000624 0.609826 0.000004 0.036214 0.001023 -0.031546 0.022875 0.001153 0.000682 0.609826 0.000004 0.001890 0.001119 0.541828 0.549098
30 18750 16065026 0.017010 0.001124 0.604787 0.000007 0.028126 0.001859 0.038840 0.058953 0.002100 0.000984 0.604787 0.000007 0.003473 0.001627 0.086356 0.383555 0.024643 0.000973 0.609826 0.000006 0.040409 0.001596 0.000000 0.011572 0.001788 0.001024 0.609826 0.000006 0.002932 0.001678 -1.154124 0.612844
31 18750 16065027 0.018008 0.000730 0.604787 0.000004 0.029776 0.001207 0.017910 0.036247 0.001762 0.000580 0.604787 0.000004 0.002914 0.000959 -0.487416 0.313926 0.022981 0.000625 0.609826 0.000004 0.037684 0.001026 -0.022580 0.021964 0.002103 0.000721 0.609826 0.000004 0.003448 0.001183 -0.331785 0.312956
32 18750 16065028 0.018451 0.000893 0.604787 0.000005 0.030508 0.001477 -0.012395 0.043358 0.003456 0.000688 0.604787 0.000005 0.005715 0.001138 -0.596813 0.200606 0.021788 0.000759 0.609826 0.000005 0.035729 0.001245 -0.046699 0.028265 0.000967 0.000817 0.609826 0.000005 0.001586 0.001341 1.191956 0.889689
33 18751 16065036 0.018215 0.000759 0.598657 0.000004 0.030426 0.001267 0.000000 0.148860 0.002645 0.000624 0.598657 0.000004 0.004419 0.001042 -2.317918 0.216923 0.021434 0.000662 0.595650 0.000005 0.035985 0.001112 0.035516 0.024645 0.002053 0.000742 0.595650 0.000005 0.003447 0.001246 2.697192 0.339074
34 18751 16065037 0.019934 0.000838 0.598657 0.000005 0.033298 0.001400 -0.038126 0.037579 0.001037 0.000661 0.598657 0.000005 0.001731 0.001104 -2.089494 0.646889 0.021559 0.000732 0.595650 0.000005 0.036194 0.001230 0.000000 0.005121 0.001756 0.000818 0.595650 0.000005 0.002949 0.001374 2.683889 0.437518
35 18751 16065038 0.019310 0.000740 0.598657 0.000004 0.032256 0.001235 -0.077711 0.034349 0.000980 0.000505 0.598657 0.000004 0.001637 0.000843 1.932920 0.643422 0.021461 0.000630 0.595650 0.000005 0.036029 0.001057 0.000000 0.010935 0.002249 0.000698 0.595650 0.000005 0.003775 0.001172 2.331287 0.313697
36 18751 16065039 0.018330 0.000872 0.598657 0.000005 0.030618 0.001457 -0.014776 0.042404 0.001576 0.000727 0.598657 0.000005 0.002633 0.001214 2.689819 0.435300 0.019468 0.000776 0.595650 0.000006 0.032683 0.001303 0.000000 0.007992 0.001221 0.000822 0.595650 0.000006 0.002050 0.001381 2.335274 0.675920
37 18751 16065041 0.018347 0.000868 0.598657 0.000005 0.030646 0.001449 -0.039496 0.042191 0.001541 0.000629 0.598657 0.000005 0.002573 0.001050 -1.774964 0.478185 0.021982 0.000754 0.595650 0.000006 0.036904 0.001266 0.000000 0.010301 0.001208 0.000868 0.595650 0.000006 0.002029 0.001457 -3.096244 0.636875
38 18751 16065042 0.018837 0.001082 0.598657 0.000006 0.031466 0.001807 -0.008114 0.080718 0.001629 0.000966 0.598657 0.000006 0.002721 0.001614 -2.892593 0.463780 0.019072 0.000953 0.595650 0.000007 0.032019 0.001600 0.000000 0.038396 0.001267 0.000992 0.595650 0.000007 0.002127 0.001666 -2.047731 0.823951
39 18751 16065043 0.010697 0.003163 0.537040 0.000020 0.019919 0.005890 0.136862 0.262001 0.004015 0.002663 0.537040 0.000020 0.007476 0.004958 0.772079 0.590147 0.025825 0.002784 0.622190 0.000021 0.041506 0.004475 0.000000 0.276039 0.002790 0.002837 0.622190 0.000021 0.004484 0.004559 -1.645286 1.103462
40 18751 16065044 0.018465 0.000912 0.534358 0.000005 0.034556 0.001706 0.013217 0.044038 0.002508 0.000780 0.534358 0.000005 0.004694 0.001461 -2.854853 0.244336 0.019575 0.000771 0.622190 0.000006 0.031461 0.001240 0.000000 0.010037 0.000986 0.000818 0.622190 0.000006 0.001584 0.001314 1.693149 0.906407
41 18751 16065045 0.018724 0.000880 0.534358 0.000005 0.035040 0.001646 0.030563 0.042107 0.002333 0.000611 0.534358 0.000005 0.004367 0.001143 1.631395 0.330110 0.022037 0.000773 0.622190 0.000006 0.035418 0.001242 0.080233 0.027658 0.001446 0.000804 0.622190 0.000006 0.002324 0.001292 -1.981244 0.594944
42 18751 16065046 0.017841 0.000962 0.534358 0.000006 0.033388 0.001801 0.030901 0.048227 0.001706 0.000748 0.534358 0.000006 0.003192 0.001400 2.502208 0.449533 0.020185 0.000833 0.622190 0.000006 0.032441 0.001339 0.000000 0.008089 0.003330 0.000957 0.622190 0.000006 0.005351 0.001538 2.894041 0.260397
43 18751 16065047 0.018451 0.000986 0.534358 0.000006 0.034530 0.001846 0.116691 0.047931 0.000867 0.000853 0.534358 0.000006 0.001623 0.001596 -2.794802 0.769943 0.021955 0.000846 0.622190 0.000007 0.035287 0.001359 0.000000 0.225889 0.001302 0.000983 0.622190 0.000007 0.002092 0.001580 2.898871 0.677173
44 18751 16065048 0.017433 0.001043 0.534358 0.000006 0.032625 0.001952 -0.055920 0.053412 0.002049 0.000816 0.534358 0.000006 0.003834 0.001528 -2.285480 0.374076 0.020536 0.000872 0.622190 0.000007 0.033005 0.001401 0.000000 0.026435 0.000713 0.000970 0.622190 0.000007 0.001146 0.001559 2.173749 1.361556
45 18751 16065059 0.011752 0.010113 0.558311 0.000072 0.021049 0.018114 0.936423 0.872075 0.022915 0.008516 0.558311 0.000072 0.041044 0.015253 -2.041462 0.392082 0.015039 0.009601 0.565767 0.000070 0.026581 0.016969 0.468286 0.512321 0.013853 0.010120 0.565767 0.000070 0.024485 0.017887 -2.206981 0.751982
46 18751 16065060 0.020234 0.001115 0.558311 0.000007 0.036241 0.001997 0.062199 0.049103 0.001208 0.000948 0.558311 0.000007 0.002163 0.001698 -2.572850 0.649692 0.021052 0.000960 0.565767 0.000007 0.037210 0.001697 0.000000 0.010671 0.000227 0.001096 0.565767 0.000007 0.000401 0.001938 -1.415964 5.511543
47 18751 16065061 0.020824 0.001125 0.558311 0.000007 0.037298 0.002014 -0.035887 0.047901 0.000662 0.000849 0.558311 0.000007 0.001186 0.001520 1.313749 1.403093 0.020515 0.001010 0.565767 0.000007 0.036260 0.001786 -0.051852 0.039726 0.002157 0.001036 0.565767 0.000007 0.003812 0.001831 2.106717 0.503187
48 18752 16065072 0.019909 0.000685 0.579585 0.000004 0.034351 0.001181 0.036220 0.030540 0.001356 0.000485 0.579585 0.000004 0.002340 0.000837 -1.227002 0.453383 0.022323 0.000612 1.983978 0.000412 0.011252 0.000308 0.000000 0.031302 0.001276 0.000663 1.983978 0.000412 0.000643 0.000334 -0.532277 0.488607
49 18752 16066001 0.017951 0.000736 0.617871 0.000005 0.029053 0.001191 0.097626 0.036545 0.001101 0.000612 0.617871 0.000005 0.001781 0.000990 0.901614 0.525945 0.022227 0.000660 0.586713 0.000004 0.037884 0.001125 -0.014503 0.023770 0.000187 0.000735 0.586713 0.000004 0.000319 0.001253 -0.000022 4.461598
50 18752 16066002 0.017676 0.000738 0.617871 0.000005 0.028608 0.001194 -0.043440 0.037366 0.001303 0.000534 0.617871 0.000005 0.002108 0.000864 -1.115516 0.505548 0.023711 0.000662 0.586713 0.000004 0.040413 0.001129 0.000000 0.103825 0.002144 0.000714 0.586713 0.000004 0.003654 0.001216 -0.580423 0.318728
51 18752 16066003 0.019736 0.000800 0.617871 0.000005 0.031942 0.001294 0.057036 0.036094 0.001083 0.000557 0.617871 0.000005 0.001753 0.000901 -1.374523 0.654004 0.021540 0.000707 0.586713 0.000004 0.036713 0.001204 0.000000 0.036571 0.001520 0.000796 0.586713 0.000004 0.002591 0.001357 -0.205387 0.457621
52 18752 16066004 0.019612 0.000814 0.617871 0.000005 0.031741 0.001317 0.055555 0.037062 0.001389 0.000663 0.617871 0.000005 0.002248 0.001073 0.842785 0.442688 0.023565 0.000709 0.586713 0.000004 0.040165 0.001209 -0.009177 0.023942 0.000714 0.000808 0.586713 0.000004 0.001218 0.001378 0.267826 0.918255
53 18752 16066005 0.019478 0.001015 0.617871 0.000006 0.031524 0.001643 -0.008312 0.065187 0.000726 0.000853 0.617871 0.000006 0.001174 0.001381 0.335209 0.859592 0.022150 0.000849 0.586713 0.000005 0.037753 0.001447 -0.005584 0.041525 0.001717 0.000972 0.586713 0.000005 0.002927 0.001657 -0.689167 0.548485
54 18752 16066006 0.018433 0.000868 0.530863 0.000007 0.034723 0.001634 -0.032473 0.041823 0.000829 0.000588 0.530863 0.000007 0.001562 0.001107 1.691925 0.893653 0.022383 0.000749 0.554635 0.000005 0.040356 0.001351 -0.000799 0.217645 0.001046 0.000865 0.554635 0.000005 0.001886 0.001560 0.149022 0.853477
55 18752 16066007 0.019862 0.000984 0.586306 0.000006 0.033876 0.001678 -0.012758 0.044086 0.000979 0.000839 0.586306 0.000006 0.001670 0.001430 0.169063 0.618981 0.022486 0.000829 0.593719 0.000005 0.037873 0.001396 0.000000 0.008245 0.000927 0.000938 0.593719 0.000005 0.001562 0.001580 0.726543 0.959670
56 18752 16066008 0.018559 0.000976 0.586306 0.000006 0.031654 0.001665 0.070945 0.047023 0.001928 0.000789 0.586306 0.000006 0.003288 0.001346 0.700375 0.357014 0.023442 0.000821 0.593719 0.000005 0.039483 0.001384 -0.021433 0.027838 0.000889 0.000941 0.593719 0.000005 0.001498 0.001586 -0.653572 0.975987
57 18752 16066009 0.019233 0.001006 0.586306 0.000006 0.032803 0.001716 0.045391 0.046717 0.000451 0.000662 0.586306 0.000006 0.000769 0.001129 -1.306463 1.719823 0.023885 0.000842 0.593718 0.000005 0.040229 0.001418 0.000000 0.010740 0.003879 0.000947 0.593718 0.000005 0.006533 0.001596 -0.851203 0.247188
58 18752 16066010 0.027710 0.013293 0.586306 0.000086 0.047261 0.022673 0.012967 4.412070 0.016265 0.011200 0.586306 0.000086 0.027741 0.019102 0.728245 0.599185 0.027077 0.011238 0.593718 0.000071 0.045606 0.018929 -0.310777 0.359892 0.011917 0.012436 0.593718 0.000071 0.020072 0.020946 -2.351338 1.036300
59 18752 16066011 0.016314 0.001000 0.586306 0.000007 0.027825 0.001705 0.083678 0.054657 0.001727 0.000698 0.586306 0.000007 0.002946 0.001191 -1.395709 0.517056 0.023017 0.000896 0.593719 0.000005 0.038768 0.001510 0.077080 0.030464 0.000554 0.000909 0.593719 0.000005 0.000934 0.001531 1.962681 1.668123
60 18752 16066012 0.020090 0.001531 0.586306 0.000010 0.034265 0.002611 -0.056357 0.067679 0.001197 0.001251 0.586306 0.000010 0.002042 0.002134 -0.291009 0.838866 0.023658 0.001292 0.593718 0.000008 0.039847 0.002176 -0.059125 0.043887 0.000472 0.001398 0.593718 0.000008 0.000795 0.002355 1.093312 3.516090
61 18753 16066015 0.019372 0.000584 0.610908 0.000003 0.031710 0.000956 0.023312 0.026863 0.001114 0.000498 0.610908 0.000003 0.001824 0.000814 -0.342282 0.395634 0.021681 0.000519 0.608266 0.000004 0.035645 0.000854 0.000000 0.003228 0.000729 0.000577 0.608266 0.000004 0.001198 0.000948 0.411600 0.699891
62 18753 16066016 0.019102 0.000738 0.614439 0.000005 0.031089 0.001200 -0.008217 0.036073 0.000644 0.000516 0.614439 0.000005 0.001048 0.000840 -1.540370 0.986123 0.020503 0.000647 0.606335 0.000004 0.033814 0.001067 -0.026476 0.025338 0.001742 0.000722 0.606335 0.000004 0.002873 0.001191 0.494162 0.384374
63 18753 16066017 0.018635 0.000729 0.614439 0.000005 0.030328 0.001187 -0.082429 0.035151 0.000266 0.000603 0.614439 0.000005 0.000433 0.000981 -2.532142 1.790315 0.021958 0.000616 0.606335 0.000004 0.036213 0.001015 -0.012898 0.022393 0.000219 0.000679 0.606335 0.000004 0.000362 0.001120 -2.141300 4.721596
64 18753 16066018 0.018218 0.001075 0.614439 0.000007 0.029650 0.001749 -0.006986 0.097991 0.000914 0.000764 0.614439 0.000007 0.001487 0.001243 -1.381194 1.043693 0.022138 0.000968 0.606335 0.000005 0.036511 0.001597 -0.050024 0.035220 0.000685 0.000961 0.606335 0.000005 0.001129 0.001586 1.376573 1.469897
65 18753 16066019 0.018432 0.001098 0.614439 0.000007 0.029999 0.001786 -0.051960 0.053268 0.003149 0.000982 0.614439 0.000007 0.005125 0.001598 0.324544 0.243635 0.023694 0.000974 0.606335 0.000006 0.039078 0.001606 -0.026408 0.032928 0.002995 0.001069 0.606335 0.000006 0.004939 0.001763 0.559423 0.336826
66 18753 16066020 0.020006 0.001142 0.614439 0.000007 0.032559 0.001859 -0.010114 0.063172 0.000165 0.001115 0.614439 0.000007 0.000268 0.001814 -1.799933 5.368457 0.022005 0.001024 0.606335 0.000006 0.036291 0.001689 -0.086424 0.037809 0.002204 0.001142 0.606335 0.000006 0.003635 0.001883 -0.029352 4.145850
67 18753 16066021 0.020147 0.001084 0.614439 0.000007 0.032789 0.001764 -0.021198 0.047805 0.001418 0.000973 0.614439 0.000007 0.002307 0.001583 0.366728 0.529627 0.020562 0.000964 0.606335 0.000005 0.033913 0.001591 0.000000 0.124429 0.002506 0.001069 0.606335 0.000005 0.004133 0.001764 -2.773824 0.390707
68 18753 16066026 0.018007 0.000979 0.589356 0.000005 0.030554 0.001661 0.002291 0.255729 0.001245 0.000653 0.589356 0.000005 0.002112 0.001108 1.524591 0.649640 0.023161 0.000814 0.556756 0.000006 0.041599 0.001462 -0.078022 0.028336 0.001913 0.000976 0.556756 0.000006 0.003436 0.001753 -0.170390 0.444647
69 18753 16066027 0.020393 0.000951 0.589356 0.000005 0.034603 0.001614 0.076946 0.041814 0.001081 0.000816 0.589356 0.000005 0.001833 0.001385 3.017700 0.614035 0.023226 0.000822 0.556756 0.000006 0.041717 0.001477 0.000000 0.032433 0.001508 0.000872 0.556756 0.000006 0.002709 0.001566 -2.030214 0.614467
70 18753 16066028 0.019771 0.003587 0.589356 0.000017 0.033547 0.006087 0.242931 0.164210 0.004718 0.002857 0.589356 0.000017 0.008005 0.004847 -0.681550 0.624069 0.023045 0.003185 0.556756 0.000023 0.041391 0.005720 -0.166424 0.114528 0.001320 0.003366 0.556756 0.000023 0.002371 0.006045 -2.212626 2.311040
71 18753 16066029 0.015015 0.008956 0.589356 0.000045 0.025478 0.015196 0.536689 0.559013 0.010333 0.007003 0.589356 0.000045 0.017532 0.011883 -0.881346 0.759257 0.020997 0.008397 0.556756 0.000059 0.037714 0.015082 0.202457 0.307099 0.010790 0.009118 0.556756 0.000059 0.019380 0.016378 2.723085 0.766619
72 18753 16066030 0.017149 0.002245 0.589356 0.000010 0.029098 0.003809 0.181077 0.117515 0.002936 0.001755 0.589356 0.000010 0.004981 0.002979 -2.271635 0.563364 0.021860 0.001885 0.556756 0.000014 0.039263 0.003385 -0.000000 0.185679 0.001251 0.002252 0.556756 0.000014 0.002246 0.004045 -0.015980 3.996194
73 18753 16066031 0.019001 0.001026 0.595507 0.000006 0.031907 0.001723 0.037140 0.048222 0.002274 0.000902 0.595507 0.000006 0.003819 0.001515 0.000000 3.948925 0.023567 0.000902 0.559952 0.000007 0.042087 0.001611 0.000000 0.008505 0.002024 0.000923 0.559952 0.000007 0.003614 0.001648 1.772163 0.502105
74 18753 16066032 0.019614 0.001152 0.574733 0.000006 0.034127 0.002005 -0.092687 0.052580 0.001102 0.000937 0.574733 0.000006 0.001917 0.001631 2.774595 0.757835 0.022620 0.000986 0.559952 0.000007 0.040396 0.001761 -0.017843 0.034658 0.001870 0.001080 0.559952 0.000007 0.003339 0.001929 -2.272306 0.588421
75 18753 16066033 0.018169 0.001094 0.574733 0.000005 0.031614 0.001904 0.020124 0.053738 0.001550 0.000826 0.574733 0.000005 0.002697 0.001438 -0.638770 0.537872 0.022960 0.000922 0.559952 0.000007 0.041004 0.001647 0.000000 0.016367 0.002229 0.001003 0.559952 0.000007 0.003981 0.001791 1.095909 0.478220
76 18753 16066035 0.018372 0.001153 0.574733 0.000006 0.031966 0.002006 -0.065194 0.055979 0.001740 0.001007 0.574733 0.000006 0.003028 0.001752 2.926775 0.485822 0.023603 0.001028 0.559952 0.000007 0.042152 0.001835 0.000000 0.066419 0.001205 0.001150 0.559952 0.000007 0.002152 0.002054 2.953969 0.846482
77 18754 16066046 0.019829 0.001232 0.634149 0.000007 0.031269 0.001942 -0.066172 0.054949 0.001279 0.000977 0.634149 0.000007 0.002016 0.001541 -0.530773 0.728018 0.020201 0.001061 0.590594 0.000008 0.034204 0.001796 0.000000 0.194456 0.002268 0.001090 0.590594 0.000008 0.003841 0.001846 -1.622780 0.539648
78 18754 16066047 0.018919 0.000662 0.634149 0.000004 0.029834 0.001045 0.033061 0.030884 0.000306 0.000513 0.634149 0.000004 0.000482 0.000808 -2.160690 1.578075 0.020510 0.000557 0.590594 0.000004 0.034728 0.000943 -0.088619 0.022347 0.000311 0.000610 0.590594 0.000004 0.000526 0.001034 2.219561 1.898181
79 18754 16066048 0.013851 0.002052 0.634149 0.000012 0.021842 0.003236 0.106541 0.129989 0.002740 0.001836 0.634149 0.000012 0.004321 0.002894 0.289214 0.513510 0.023822 0.001801 0.590594 0.000013 0.040335 0.003049 -0.104719 0.062383 0.004199 0.001807 0.590594 0.000013 0.007111 0.003059 1.556571 0.486272
80 18754 16066049 0.019257 0.000767 0.634149 0.000004 0.030367 0.001209 -0.016807 0.035149 0.000984 0.000653 0.634149 0.000004 0.001552 0.001029 0.601520 0.550777 0.021288 0.000662 0.590594 0.000005 0.036045 0.001121 0.000000 0.009215 0.002004 0.000756 0.590594 0.000005 0.003394 0.001280 2.811562 0.343540
81 18754 16066050 0.017622 0.000761 0.634149 0.000004 0.027789 0.001200 -0.018261 0.038225 0.000232 0.000574 0.634149 0.000004 0.000366 0.000906 -2.071925 2.246581 0.022569 0.000641 0.590594 0.000005 0.038214 0.001085 -0.016695 0.023008 0.000770 0.000735 0.590594 0.000005 0.001303 0.001245 0.622811 0.878039
82 18754 16066051 0.018324 0.000675 0.634149 0.000004 0.028896 0.001065 0.019786 0.032476 0.001153 0.000481 0.634149 0.000004 0.001819 0.000758 1.649593 0.520565 0.020655 0.000600 0.590594 0.000004 0.034973 0.001015 -0.017664 0.023498 0.001160 0.000626 0.590594 0.000004 0.001964 0.001060 -2.207454 0.554880
83 18754 16066052 0.018970 0.000823 0.634149 0.000005 0.029914 0.001297 -0.063522 0.038424 0.001278 0.000581 0.634149 0.000005 0.002015 0.000915 -1.813107 0.523048 0.022076 0.000689 0.590594 0.000005 0.037379 0.001166 0.000000 0.012337 0.000412 0.000812 0.590594 0.000005 0.000697 0.001375 -2.780589 1.701243
84 18754 16066053 0.017425 0.000903 0.634149 0.000005 0.027477 0.001424 -0.006125 0.084458 0.000797 0.000761 0.634149 0.000005 0.001257 0.001200 -0.032669 5.128016 0.020530 0.000759 0.590594 0.000006 0.034761 0.001285 0.000000 0.010420 0.001919 0.000795 0.590594 0.000006 0.003249 0.001346 1.625978 0.467963
85 18754 16066054 0.019022 0.001025 0.634149 0.000006 0.029997 0.001616 0.088648 0.047762 0.001113 0.000854 0.634149 0.000006 0.001755 0.001347 -0.309725 0.652837 0.020668 0.000886 0.590594 0.000007 0.034995 0.001500 0.000000 0.090206 0.000756 0.000922 0.590594 0.000007 0.001280 0.001562 1.933453 1.292396
86 18754 16066055 0.018812 0.000916 0.560367 0.000005 0.033571 0.001634 0.118355 0.043067 0.000740 0.000646 0.560367 0.000005 0.001321 0.001153 -1.715649 1.023220 0.020387 0.000783 0.548857 0.000007 0.037145 0.001427 -0.060776 0.031225 0.000661 0.000831 0.548857 0.000007 0.001205 0.001513 -2.019840 1.308719
87 18754 16066057 0.028781 0.006421 0.594940 0.000041 0.048376 0.010793 -0.045844 0.210157 0.010766 0.005480 0.594940 0.000041 0.018096 0.009212 0.550205 0.416236 0.027013 0.005503 0.566957 0.000035 0.047646 0.009706 -0.092846 0.164868 0.002657 0.006161 0.566957 0.000035 0.004687 0.010867 0.657963 3.271353
88 18754 16066059 0.018138 0.000906 0.594940 0.000006 0.030488 0.001522 -0.062952 0.044218 0.000544 0.000778 0.594940 0.000006 0.000915 0.001307 -0.211708 4.410023 0.021816 0.000793 0.566957 0.000005 0.038478 0.001399 0.000000 0.022181 0.001075 0.000818 0.566957 0.000005 0.001896 0.001444 1.174716 0.813364
89 18754 16066060 0.017642 0.000912 0.594940 0.000006 0.029653 0.001532 0.028202 0.045876 0.002091 0.000783 0.594940 0.000006 0.003514 0.001316 2.922655 0.319511 0.021992 0.000799 0.566957 0.000005 0.038790 0.001410 0.000000 0.033459 0.001725 0.000902 0.566957 0.000005 0.003043 0.001591 -0.318384 0.466770
90 18754 16067001 0.019311 0.000889 0.594940 0.000006 0.032459 0.001495 0.065826 0.040745 0.001163 0.000665 0.594940 0.000006 0.001955 0.001118 -1.737418 0.674470 0.021101 0.000803 0.566957 0.000005 0.037218 0.001416 0.000000 0.006506 0.001054 0.000880 0.566957 0.000005 0.001860 0.001552 2.812135 0.748796
91 18754 16067002 0.017193 0.008698 0.594940 0.000056 0.028898 0.014620 0.057065 0.814006 0.008807 0.007104 0.594940 0.000056 0.014803 0.011941 -2.283126 0.751797 0.017596 0.007665 0.566957 0.000048 0.031036 0.013520 0.139177 0.335409 0.011193 0.008663 0.566957 0.000048 0.019743 0.015280 2.970304 0.678440
92 18754 16067003 0.019102 0.000914 0.594940 0.000006 0.032107 0.001537 -0.012300 0.042106 0.000257 0.000790 0.594940 0.000006 0.000432 0.001329 -2.966892 2.189917 0.022369 0.000782 0.566957 0.000005 0.039454 0.001380 -0.034514 0.028265 0.000212 0.000808 0.566957 0.000005 0.000374 0.001425 1.679844 3.818001
93 18754 16067004 0.020332 0.001055 0.594940 0.000007 0.034176 0.001774 -0.015160 0.045803 0.000826 0.000734 0.594940 0.000007 0.001388 0.001235 2.163494 1.034962 0.021228 0.000896 0.566957 0.000006 0.037442 0.001580 0.080590 0.033261 0.001860 0.001031 0.566957 0.000006 0.003281 0.001818 0.480805 0.508724
94 18754 16067005 0.017655 0.000948 0.594940 0.000006 0.029675 0.001594 0.000000 4.040572 0.001209 0.000817 0.594940 0.000006 0.002032 0.001373 2.940543 0.569997 0.021322 0.000843 0.566957 0.000005 0.037608 0.001487 0.159931 0.031006 0.000942 0.000926 0.566957 0.000005 0.001662 0.001633 -0.491483 0.871523
95 18754 16067006 0.017196 0.001972 0.594940 0.000013 0.028904 0.003315 0.044831 0.100767 0.001323 0.001438 0.594940 0.000013 0.002224 0.002416 1.308403 1.204077 0.018369 0.001704 0.566957 0.000011 0.032399 0.003006 0.000000 0.044007 0.002584 0.001859 0.566957 0.000011 0.004557 0.003279 -2.361427 0.714278
96 18758 16067013 0.016991 0.000828 0.604268 0.000005 0.028118 0.001370 0.047899 0.042432 0.000909 0.000723 0.604268 0.000005 0.001505 0.001197 -2.790951 0.623813 0.021124 0.000714 0.577146 0.000005 0.036600 0.001238 -0.078829 0.027531 0.001340 0.000762 0.577146 0.000005 0.002322 0.001321 -0.905209 0.582488
97 18758 16067014 0.019016 0.001142 0.604268 0.000007 0.031470 0.001891 0.057053 0.052388 0.000668 0.000799 0.604268 0.000007 0.001106 0.001322 2.078146 1.405147 0.024093 0.000982 0.577146 0.000007 0.041745 0.001702 0.000000 0.009835 0.000516 0.001107 0.577146 0.000007 0.000894 0.001917 -2.595564 1.870136
98 18758 16067015 0.019270 0.000783 0.604268 0.000004 0.031889 0.001296 0.013416 0.035234 0.001093 0.000668 0.604268 0.000004 0.001808 0.001105 0.176585 0.460140 0.022035 0.000659 0.577146 0.000005 0.038180 0.001142 -0.056278 0.024118 0.000709 0.000746 0.577146 0.000005 0.001229 0.001292 -2.483839 0.998675
99 18758 16067016 0.018406 0.000782 0.604268 0.000004 0.030460 0.001293 0.125906 0.037170 0.001026 0.000638 0.604268 0.000004 0.001697 0.001055 -2.416324 0.546904 0.022273 0.000661 0.577146 0.000005 0.038592 0.001146 0.000000 0.003594 0.001783 0.000692 0.577146 0.000005 0.003090 0.001199 -1.271738 0.432068
100 18758 16067017 0.017995 0.000811 0.604268 0.000005 0.029780 0.001342 0.023146 0.039240 0.001474 0.000688 0.604268 0.000005 0.002439 0.001139 0.565095 0.385504 0.020538 0.000698 0.577146 0.000005 0.035586 0.001209 -0.035089 0.027268 0.001527 0.000712 0.577146 0.000005 0.002646 0.001233 -1.778303 0.525244
101 18758 16067019 0.018155 0.000867 0.580340 0.000005 0.031283 0.001494 0.007269 0.059157 0.000730 0.000726 0.580340 0.000005 0.001259 0.001251 3.077702 0.794179 0.021899 0.000729 0.557592 0.000006 0.039274 0.001308 -0.012232 0.026533 0.003494 0.000760 0.557592 0.000006 0.006266 0.001362 1.347910 0.246445
102 18758 16067020 0.020777 0.000895 0.580340 0.000005 0.035802 0.001542 -0.000000 0.038969 0.001115 0.000756 0.580340 0.000005 0.001920 0.001302 -2.845033 0.528937 0.022311 0.000747 0.557592 0.000006 0.040014 0.001340 0.000000 0.006609 0.001953 0.000779 0.557592 0.000006 0.003503 0.001398 1.342257 0.453509
103 18758 16067021 0.019016 0.000901 0.580340 0.000006 0.032767 0.001552 -0.067714 0.041193 0.001330 0.000759 0.580340 0.000006 0.002292 0.001308 -0.381612 0.508811 0.022125 0.000799 0.557592 0.000007 0.039679 0.001432 -0.051080 0.029062 0.000618 0.000899 0.557592 0.000007 0.001108 0.001613 -3.034346 1.236291
104 18758 16067022 0.018838 0.000994 0.580340 0.000006 0.032460 0.001713 0.037554 0.045740 0.000905 0.000841 0.580340 0.000006 0.001560 0.001450 -2.665844 0.743356 0.022893 0.000851 0.557592 0.000007 0.041058 0.001526 0.092607 0.029119 0.001856 0.000863 0.557592 0.000007 0.003329 0.001548 1.449310 0.531635
105 18760 16067039 0.017326 0.000548 0.593647 0.000003 0.029186 0.000922 -0.033674 0.028297 0.000657 0.000411 0.593647 0.000003 0.001106 0.000693 2.171323 0.735090 0.021540 0.000496 0.625261 0.000003 0.034449 0.000794 -0.012862 0.018596 0.001407 0.000540 0.625261 0.000003 0.002250 0.000864 -2.692008 0.353720
106 18760 16067040 0.016643 0.001643 0.593647 0.000010 0.028035 0.002768 0.057431 0.087957 0.001730 0.001211 0.593647 0.000010 0.002914 0.002040 -1.922049 0.766821 0.020728 0.001402 0.625261 0.000008 0.033151 0.002242 0.000000 0.141385 0.001409 0.001516 0.625261 0.000008 0.002253 0.002425 -2.058290 1.107993
107 18760 16067041 0.018011 0.000679 0.593647 0.000004 0.030339 0.001143 -0.014748 0.033703 0.000771 0.000533 0.593647 0.000004 0.001299 0.000897 1.179740 0.740778 0.022660 0.000612 0.625261 0.000003 0.036241 0.000978 -0.037112 0.021874 0.001051 0.000627 0.625261 0.000003 0.001680 0.001003 -1.011194 0.621393
108 18760 16067042 0.016758 0.000687 0.593647 0.000004 0.028229 0.001158 0.034873 0.036760 0.001296 0.000627 0.593647 0.000004 0.002183 0.001056 -2.681607 0.390849 0.021693 0.000626 0.625261 0.000004 0.034695 0.001001 0.000000 0.003443 0.001338 0.000643 0.625261 0.000004 0.002140 0.001028 0.959681 0.491656
109 18760 16067043 0.017372 0.000749 0.593647 0.000005 0.029263 0.001261 -0.020471 0.038524 0.001467 0.000685 0.593647 0.000005 0.002471 0.001153 3.094840 0.377883 0.023000 0.000685 0.625261 0.000004 0.036784 0.001096 -0.034817 0.024106 0.001516 0.000671 0.625261 0.000004 0.002424 0.001073 1.672855 0.491134
110 18760 16067044 0.017443 0.000802 0.593647 0.000005 0.029382 0.001351 -0.091453 0.041229 0.001998 0.000663 0.593647 0.000005 0.003366 0.001117 -2.411845 0.294883 0.022714 0.000689 0.625261 0.000004 0.036327 0.001101 0.000000 0.008338 0.000561 0.000743 0.625261 0.000004 0.000897 0.001188 -1.009945 1.308776
111 18760 16067045 0.022945 0.005383 0.593647 0.000033 0.038651 0.009068 0.070836 0.207322 0.007055 0.004741 0.593647 0.000033 0.011884 0.007986 -0.123159 0.596519 0.016491 0.004839 0.625261 0.000027 0.026374 0.007739 0.208454 0.229378 0.004924 0.005377 0.625261 0.000027 0.007875 0.008600 3.077280 0.967132
112 18760 16067046 0.014051 0.003250 0.593647 0.000020 0.023669 0.005474 0.097835 0.205737 0.002801 0.002859 0.593647 0.000020 0.004718 0.004816 -2.986222 0.795733 0.024953 0.002825 0.625261 0.000016 0.039909 0.004519 -0.053626 0.091572 0.006237 0.003241 0.625261 0.000016 0.009974 0.005183 0.193186 0.456072
113 18760 16067047 0.025596 0.003351 0.593647 0.000021 0.043116 0.005645 0.157940 0.117179 0.001905 0.003034 0.593647 0.000021 0.003209 0.005111 0.195341 3.514496 0.020538 0.002982 0.625261 0.000017 0.032846 0.004769 -0.091961 0.118992 0.002436 0.002999 0.625261 0.000017 0.003896 0.004796 -1.651060 1.321842
114 18760 16067048 0.021853 0.009270 0.593647 0.000058 0.036811 0.015616 0.183310 0.373917 0.018214 0.006622 0.593647 0.000058 0.030682 0.011155 1.674183 0.457693 0.022624 0.008377 0.625261 0.000047 0.036183 0.013397 0.265999 0.289696 0.013670 0.008651 0.625261 0.000047 0.021862 0.013835 -2.138320 0.652507
115 18760 16068001 0.020384 0.000862 0.593647 0.000005 0.034337 0.001452 -0.012236 0.037710 0.002191 0.000771 0.593647 0.000005 0.003691 0.001299 -2.889763 0.276277 0.022087 0.000762 0.593288 0.000006 0.037227 0.001284 0.000000 0.152257 0.002464 0.000846 0.593288 0.000006 0.004153 0.001426 -0.439315 0.318064
116 18760 16068002 0.023275 0.009715 0.602349 0.000066 0.038640 0.016129 -0.134353 0.365571 0.019060 0.008599 0.602349 0.000066 0.031643 0.014277 0.107564 0.347183 0.023475 0.008480 0.564295 0.000057 0.041601 0.015027 -0.083793 0.288976 0.017904 0.009674 0.564295 0.000057 0.031728 0.017144 -0.241155 0.477934
117 18760 16068003 0.017920 0.000833 0.602349 0.000006 0.029750 0.001383 0.039176 0.041457 0.001052 0.000716 0.602349 0.000006 0.001746 0.001188 2.808687 0.604318 0.021379 0.000745 0.564295 0.000005 0.037886 0.001320 0.000000 0.020223 0.002162 0.000816 0.564295 0.000005 0.003831 0.001446 -0.462378 0.349832
118 18760 16068004 0.017568 0.000929 0.602349 0.000006 0.029165 0.001542 0.054230 0.047460 0.000409 0.000786 0.602349 0.000006 0.000679 0.001304 0.467784 1.340859 0.022093 0.000786 0.564295 0.000005 0.039152 0.001393 -0.072993 0.028945 0.001461 0.000924 0.564295 0.000005 0.002590 0.001638 -2.905326 0.571249
119 18760 16068005 0.019125 0.000832 0.602349 0.000006 0.031751 0.001381 0.037868 0.039016 0.001500 0.000731 0.602349 0.000006 0.002490 0.001213 -2.365441 0.440230 0.021460 0.000767 0.564295 0.000005 0.038030 0.001359 0.000000 0.010670 0.001916 0.000791 0.564295 0.000005 0.003396 0.001402 -0.773126 0.409438
120 18760 16068006 0.017305 0.000900 0.602349 0.000006 0.028728 0.001494 0.035557 0.046555 0.001850 0.000715 0.602349 0.000006 0.003071 0.001186 2.700547 0.359529 0.021695 0.000761 0.564295 0.000005 0.038446 0.001348 -0.036545 0.028227 0.001196 0.000830 0.564295 0.000005 0.002120 0.001470 1.081923 0.723106
121 18760 16068007 0.019286 0.000920 0.556880 0.000005 0.034632 0.001652 0.006340 0.070889 0.002237 0.000684 0.556880 0.000005 0.004018 0.001228 2.345419 0.335493 0.023921 0.000790 0.560872 0.000005 0.042650 0.001409 0.000000 0.053231 0.002388 0.000821 0.560872 0.000005 0.004258 0.001463 1.632482 0.383910
122 18760 16068008 0.017587 0.000879 0.579164 0.000006 0.030366 0.001517 0.071136 0.044416 0.000746 0.000623 0.579164 0.000006 0.001287 0.001075 1.713207 1.035978 0.022159 0.000780 0.560872 0.000005 0.039508 0.001391 -0.080636 0.028703 0.000946 0.000790 0.560872 0.000005 0.001687 0.001409 -1.283000 0.900200
123 18760 16068009 0.017896 0.000883 0.579164 0.000006 0.030899 0.001525 0.122456 0.044132 0.001739 0.000641 0.579164 0.000006 0.003003 0.001107 1.752577 0.468080 0.022452 0.000808 0.560872 0.000005 0.040031 0.001441 0.000000 0.042941 0.001588 0.000860 0.560872 0.000005 0.002831 0.001534 0.528227 0.505794
124 18760 16068010 0.018052 0.001358 0.579164 0.000009 0.031169 0.002345 0.038391 0.067263 0.001020 0.001053 0.579164 0.000009 0.001762 0.001817 -1.937328 1.114840 0.018769 0.001223 0.560872 0.000008 0.033464 0.002180 0.000000 0.022124 0.000694 0.001232 0.560872 0.000008 0.001237 0.002196 -1.255577 1.751593
125 18761 16068012 0.017530 0.000635 0.607047 0.000004 0.028878 0.001046 -0.000000 4.090893 0.000979 0.000517 0.607047 0.000004 0.001613 0.000852 -2.250715 0.499389 0.019985 0.000552 0.622302 0.000003 0.032115 0.000887 0.000000 0.003771 0.001660 0.000579 0.622302 0.000003 0.002668 0.000930 -1.877746 0.376562
126 18761 16068013 0.016730 0.001226 0.607047 0.000008 0.027560 0.002020 -0.129478 0.065944 0.001475 0.000912 0.607047 0.000008 0.002430 0.001502 -0.773807 0.663446 0.019063 0.001047 0.622302 0.000006 0.030633 0.001683 0.000000 0.215969 0.002159 0.001216 0.622302 0.000006 0.003469 0.001955 0.386302 0.506572
127 18761 16068014 0.017730 0.000661 0.607047 0.000004 0.029207 0.001089 -0.068057 0.033430 0.000833 0.000455 0.607047 0.000004 0.001373 0.000750 -1.433042 0.682663 0.021331 0.000574 0.622302 0.000003 0.034277 0.000923 0.087012 0.021396 0.000432 0.000656 0.622302 0.000003 0.000695 0.001053 -2.808001 1.340703
128 18761 16068015 0.019395 0.000707 0.607047 0.000005 0.031950 0.001165 -0.001588 0.165501 0.001924 0.000564 0.607047 0.000005 0.003170 0.000930 -1.981116 0.315900 0.021463 0.000647 0.622302 0.000004 0.034490 0.001039 -0.006812 0.024188 0.001618 0.000705 0.622302 0.000004 0.002600 0.001132 -2.906918 0.392020
129 18761 16068016 0.019086 0.000765 0.607047 0.000005 0.031441 0.001260 0.011207 0.035811 0.002320 0.000594 0.607047 0.000005 0.003822 0.000979 -0.898885 0.295052 0.020835 0.000704 0.622302 0.000004 0.033481 0.001132 0.000000 0.006148 0.002526 0.000758 0.622302 0.000004 0.004059 0.001219 -0.280146 0.272185
130 18761 16068017 0.017993 0.001527 0.607047 0.000010 0.029640 0.002515 0.053132 0.075570 0.001511 0.001141 0.607047 0.000010 0.002490 0.001880 2.222096 0.863260 0.021189 0.001358 0.622302 0.000008 0.034049 0.002182 0.000000 0.132859 0.001058 0.001522 0.622302 0.000008 0.001700 0.002446 3.006587 1.256932
131 18761 16068018 0.018023 0.000682 0.607047 0.000004 0.029689 0.001123 0.040281 0.033753 0.000937 0.000546 0.607047 0.000004 0.001543 0.000899 1.124938 0.612370 0.022364 0.000618 0.622302 0.000003 0.035937 0.000992 0.000000 0.023898 0.001446 0.000646 0.622302 0.000003 0.002324 0.001038 -0.774791 0.443641
132 18761 16068021 0.019968 0.000799 0.559985 0.000006 0.035659 0.001427 0.005726 0.055737 0.000582 0.000739 0.559985 0.000006 0.001039 0.001320 0.379173 0.936752 0.020977 0.000737 0.591712 0.000006 0.035451 0.001245 -0.010815 0.028170 0.001318 0.000724 0.591712 0.000006 0.002227 0.001224 1.899900 0.595841
133 18761 16068022 0.017617 0.000794 0.559985 0.000006 0.031459 0.001418 0.059364 0.040319 0.000677 0.000546 0.559985 0.000006 0.001209 0.000976 1.794893 1.007471 0.022244 0.000689 0.591712 0.000005 0.037593 0.001164 0.000000 0.046537 0.000434 0.000763 0.591712 0.000005 0.000733 0.001290 -2.461037 1.626583
134 18761 16068023 0.020540 0.001496 0.559985 0.000012 0.036680 0.002671 0.072064 0.065670 0.003148 0.001164 0.559985 0.000012 0.005622 0.002079 -0.586255 0.366829 0.019580 0.001293 0.591712 0.000010 0.033091 0.002185 0.138539 0.051949 0.002185 0.001461 0.591712 0.000010 0.003693 0.002470 -0.511389 0.620827
135 18761 16068024 0.017292 0.000837 0.559985 0.000007 0.030879 0.001495 0.038027 0.043353 0.001262 0.000675 0.559985 0.000007 0.002253 0.001205 -0.604506 0.533287 0.021374 0.000749 0.591712 0.000006 0.036122 0.001266 -0.006876 0.028547 0.001046 0.000752 0.591712 0.000006 0.001768 0.001272 -1.420731 0.786390
136 18761 16068025 0.018616 0.001144 0.559985 0.000009 0.033244 0.002043 0.023487 0.054993 0.002478 0.000875 0.559985 0.000009 0.004425 0.001563 -0.959782 0.413594 0.022768 0.001053 0.591712 0.000008 0.038478 0.001780 -0.015370 0.037149 0.002914 0.001040 0.591712 0.000008 0.004925 0.001758 1.241974 0.387017
137 18761 16068026 0.022638 0.002915 0.559985 0.000023 0.040427 0.005205 0.106950 0.115256 0.004267 0.002227 0.559985 0.000023 0.007619 0.003976 -0.757777 0.557612 0.020412 0.002580 0.591712 0.000020 0.034497 0.004360 0.121828 0.099050 0.006783 0.002871 0.591712 0.000020 0.011463 0.004851 0.429755 0.388979
138 18761 16068027 0.014646 0.008867 0.559985 0.000070 0.026155 0.015835 0.355907 0.545194 0.010057 0.006206 0.559985 0.000070 0.017960 0.011082 1.895582 0.770575 0.033795 0.007857 0.591712 0.000061 0.057114 0.013279 0.107899 0.181486 0.014151 0.008065 0.591712 0.000061 0.023915 0.013630 -1.624796 0.628337
139 18761 16068028 0.018440 0.001303 0.559985 0.000010 0.032930 0.002327 0.014660 0.068150 0.002144 0.001182 0.559985 0.000010 0.003828 0.002110 0.377525 0.432557 0.018178 0.001178 0.591712 0.000009 0.030721 0.001991 -0.013512 0.051717 0.002031 0.001303 0.591712 0.000009 0.003432 0.002201 0.042801 3.776341
140 18761 16068029 0.019771 0.000865 0.598550 0.000005 0.033032 0.001445 0.057932 0.039161 0.000044 0.003419 0.598550 0.000005 0.000074 0.005711 0.076093 4.212538 0.021133 0.000769 0.567218 0.000005 0.037258 0.001356 0.000000 0.014400 0.002705 0.000858 0.567218 0.000005 0.004769 0.001513 -2.851598 0.288926
141 18761 16068030 0.020761 0.000901 0.562816 0.000006 0.036889 0.001601 -0.053734 0.039025 0.002165 0.000629 0.562816 0.000006 0.003848 0.001117 -1.501964 0.366167 0.019817 0.000791 0.557919 0.000005 0.035519 0.001417 -0.022224 0.031990 0.002471 0.000900 0.557919 0.000005 0.004428 0.001613 0.099794 0.319082
142 18761 16068031 0.020418 0.003044 0.562816 0.000019 0.036278 0.005409 0.163246 0.134864 0.006119 0.002545 0.562816 0.000019 0.010873 0.004523 -0.375887 0.371906 0.020841 0.002699 0.557919 0.000016 0.037355 0.004838 0.140008 0.101389 0.005640 0.002752 0.557919 0.000016 0.010110 0.004932 1.629657 0.537765
143 18761 16068032 0.019892 0.000892 0.562816 0.000006 0.035344 0.001586 0.015416 0.040204 0.000988 0.000682 0.562816 0.000006 0.001755 0.001211 -0.966755 0.799052 0.022057 0.000823 0.557919 0.000005 0.039535 0.001475 -0.027081 0.029960 0.000527 0.000880 0.557919 0.000005 0.000945 0.001578 -0.388210 4.445060
144 18761 16068033 0.012578 0.010163 0.562816 0.000065 0.022348 0.018057 -0.272748 0.694121 0.023088 0.007452 0.562816 0.000065 0.041023 0.013241 1.860867 0.411900 0.042476 0.009548 0.557919 0.000057 0.076133 0.017114 0.170424 0.174101 0.036770 0.009200 0.557919 0.000057 0.065906 0.016490 1.345474 0.276596
145 18761 16068034 0.019634 0.000945 0.562816 0.000006 0.034886 0.001680 -0.017983 0.042900 0.001680 0.000664 0.562816 0.000006 0.002985 0.001179 -1.439312 0.500637 0.021722 0.000840 0.557919 0.000005 0.038933 0.001506 -0.006740 0.035273 0.000680 0.000911 0.557919 0.000005 0.001218 0.001633 -0.652235 1.199956
146 18761 16068035 0.018659 0.000908 0.562816 0.000006 0.033152 0.001613 0.003533 0.132812 0.002313 0.000685 0.562816 0.000006 0.004110 0.001217 1.432406 0.356267 0.020339 0.000834 0.557919 0.000005 0.036456 0.001495 0.000000 0.051492 0.002163 0.000842 0.557919 0.000005 0.003877 0.001510 0.967723 0.404199
147 18761 16068036 0.017610 0.000979 0.552660 0.000006 0.031863 0.001772 -0.044782 0.049612 0.000913 0.000908 0.552660 0.000006 0.001651 0.001642 -0.012011 6.190085 0.023122 0.000908 0.599338 0.000006 0.038580 0.001514 -0.004651 0.052545 0.000973 0.000979 0.599338 0.000006 0.001624 0.001634 3.081412 0.887125
148 18761 16068037 0.020265 0.001116 0.564798 0.000007 0.035880 0.001976 0.008138 0.074413 0.001891 0.001022 0.564798 0.000007 0.003348 0.001810 0.496492 0.436723 0.021721 0.001030 0.557922 0.000006 0.038931 0.001847 -0.014324 0.037851 0.000971 0.001000 0.557922 0.000006 0.001740 0.001793 -1.550138 1.115045
149 18761 16068038 0.021526 0.001002 0.564798 0.000006 0.038112 0.001773 -0.000000 0.159827 0.000178 0.000784 0.564798 0.000006 0.000315 0.001389 2.250123 4.190412 0.023032 0.000889 0.557922 0.000006 0.041282 0.001593 -0.013330 0.030733 0.001463 0.000897 0.557922 0.000006 0.002622 0.001608 1.319786 0.673324
150 18761 16068039 0.018788 0.001034 0.564798 0.000007 0.033265 0.001830 0.054805 0.049227 0.001405 0.000889 0.564798 0.000007 0.002487 0.001574 -0.123282 0.519677 0.020832 0.000896 0.557922 0.000006 0.037339 0.001606 0.000000 0.105828 0.000812 0.000926 0.557922 0.000006 0.001455 0.001659 1.465177 1.225335
151 18761 16068040 0.019984 0.001273 0.564798 0.000008 0.035382 0.002254 -0.030535 0.057203 0.001981 0.000936 0.564798 0.000008 0.003508 0.001658 -1.042791 0.566604 0.022002 0.001144 0.557922 0.000007 0.039435 0.002051 0.000000 0.022531 0.001429 0.001200 0.557922 0.000007 0.002561 0.002151 0.853804 0.833538
152 18761 16068042 0.018929 0.001052 0.564798 0.000007 0.033515 0.001863 -0.061268 0.049620 0.002056 0.000773 0.564798 0.000007 0.003640 0.001368 -1.520898 0.471988 0.023097 0.000968 0.557922 0.000006 0.041399 0.001735 0.000000 0.017017 0.002166 0.001003 0.557922 0.000006 0.003882 0.001797 2.378587 0.456868
153 18761 16068043 0.018182 0.004538 0.564798 0.000029 0.032192 0.008035 0.060670 0.218216 0.006546 0.003730 0.564798 0.000029 0.011590 0.006604 0.806943 0.522196 0.019259 0.003920 0.557922 0.000025 0.034519 0.007026 -0.135082 0.166992 0.007820 0.004319 0.557922 0.000025 0.014017 0.007742 -0.782608 0.542292
154 18763 16068055 0.017920 0.000598 0.594818 0.000003 0.030126 0.001005 -0.019398 0.030294 0.001081 0.000424 0.594818 0.000003 0.001817 0.000713 1.557929 0.485628 0.019427 0.000528 0.616973 0.000004 0.031487 0.000856 -0.006028 0.021760 0.001776 0.000567 0.616973 0.000004 0.002878 0.000918 -2.234932 0.323827
155 18763 16068056 0.019851 0.000906 0.594818 0.000005 0.033373 0.001524 0.109613 0.041511 0.001586 0.000749 0.594818 0.000005 0.002666 0.001259 -0.402732 0.428389 0.021004 0.000791 0.616973 0.000005 0.034043 0.001283 0.000000 0.008751 0.001553 0.000893 0.616973 0.000005 0.002517 0.001447 -2.701961 0.537301
156 18763 16068057 0.016901 0.001362 0.594818 0.000008 0.028414 0.002289 0.148637 0.073868 0.003076 0.000967 0.594818 0.000008 0.005172 0.001626 -0.888735 0.361096 0.024415 0.001148 0.616973 0.000008 0.039572 0.001861 0.000000 1.420857 0.003306 0.001316 0.616973 0.000008 0.005358 0.002133 -0.729838 0.389976
157 18763 16068058 0.019655 0.000779 0.594818 0.000004 0.033044 0.001310 -0.003713 0.087480 0.001582 0.000541 0.594818 0.000004 0.002659 0.000909 1.835739 0.436533 0.021044 0.000683 0.616973 0.000005 0.034108 0.001108 0.000000 0.008690 0.000868 0.000711 0.616973 0.000005 0.001407 0.001153 1.684196 0.881123
158 18763 16069001 0.017461 0.000810 0.594818 0.000005 0.029354 0.001361 -0.007132 0.062550 0.000215 0.000656 0.594818 0.000005 0.000362 0.001103 0.765320 3.231427 0.020595 0.000687 0.616973 0.000005 0.033380 0.001113 -0.035360 0.026739 0.002894 0.000769 0.616973 0.000005 0.004691 0.001247 -2.293127 0.269620
159 18763 16069002 0.016678 0.000824 0.594818 0.000005 0.028039 0.001385 -0.000000 0.881100 0.000332 0.000646 0.594818 0.000005 0.000558 0.001087 -0.753522 4.611986 0.021663 0.000747 0.616973 0.000005 0.035112 0.001211 -0.022263 0.027510 0.001695 0.000772 0.616973 0.000005 0.002748 0.001251 2.072293 0.473947
160 18763 16069003 0.016826 0.000972 0.594818 0.000005 0.028287 0.001634 0.025805 0.052557 0.000105 0.001060 0.594818 0.000005 0.000177 0.001781 -1.424919 4.913335 0.019163 0.000847 0.616973 0.000006 0.031059 0.001373 -0.032096 0.035380 0.000602 0.000890 0.616973 0.000006 0.000975 0.001442 1.730231 1.523745
161 18763 16069004 0.018709 0.001993 0.590937 0.000012 0.031661 0.003373 -0.308808 0.099862 0.001373 0.001753 0.590937 0.000012 0.002323 0.002967 0.143708 3.502275 0.023190 0.001755 0.541410 0.000014 0.042832 0.003241 0.240576 0.059062 0.002937 0.002000 0.541410 0.000014 0.005425 0.003693 2.916055 0.629870
162 18763 16069005 0.016139 0.001802 0.590937 0.000011 0.027311 0.003049 0.056601 0.101294 0.004336 0.001563 0.590937 0.000011 0.007338 0.002645 0.625156 0.304048 0.021056 0.001597 0.541410 0.000013 0.038891 0.002950 0.000000 0.056873 0.005459 0.001788 0.541410 0.000013 0.010083 0.003302 2.751951 0.303174
163 18763 16069006 0.016537 0.001051 0.590937 0.000006 0.027984 0.001778 0.041829 0.057943 0.001084 0.000913 0.590937 0.000006 0.001834 0.001545 -2.750479 0.662999 0.021849 0.000909 0.541410 0.000007 0.040355 0.001679 -0.037718 0.033312 0.001609 0.000960 0.541410 0.000007 0.002972 0.001773 -1.532310 0.646609
164 18763 16069007 0.017879 0.001038 0.590937 0.000006 0.030256 0.001757 0.017381 0.052718 0.000707 0.000742 0.590937 0.000006 0.001196 0.001256 -1.164536 1.257812 0.021622 0.000930 0.541410 0.000007 0.039936 0.001717 0.000000 0.009543 0.000917 0.001033 0.541410 0.000007 0.001693 0.001908 2.816944 1.019382
165 18763 16069008 0.018315 0.001067 0.590937 0.000006 0.030993 0.001806 -0.011279 0.062628 0.001705 0.000901 0.590937 0.000006 0.002885 0.001524 -0.000000 1.138814 0.022349 0.000901 0.541410 0.000007 0.041279 0.001663 0.000000 0.025955 0.001804 0.000986 0.541410 0.000007 0.003333 0.001820 1.832790 0.582452
166 18763 16069009 0.020705 0.001058 0.590937 0.000007 0.035038 0.001790 0.239599 0.047214 0.001638 0.000944 0.590937 0.000007 0.002771 0.001597 -2.594378 0.473578 0.021790 0.000950 0.541410 0.000007 0.040247 0.001755 -0.090156 0.035345 0.001815 0.001027 0.541410 0.000007 0.003353 0.001896 0.632572 0.548513
167 18763 16069010 0.013720 0.001340 0.590937 0.000008 0.023218 0.002268 -0.102136 0.089146 0.003401 0.001189 0.590937 0.000008 0.005755 0.002012 -2.998112 0.271415 0.020512 0.001174 0.541410 0.000009 0.037886 0.002169 0.000000 0.031447 0.000371 0.001283 0.541410 0.000009 0.000686 0.002369 -2.430357 4.730529
168 18763 16069011 0.019076 0.001119 0.590937 0.000007 0.032282 0.001894 0.117477 0.053777 0.001623 0.000949 0.590937 0.000007 0.002747 0.001606 -0.105865 0.508713 0.021709 0.000954 0.600141 0.000007 0.036173 0.001590 0.000000 0.061696 0.003121 0.001027 0.600141 0.000007 0.005200 0.001711 -1.821854 0.357576
169 18763 16069012 0.019745 0.001120 0.557680 0.000009 0.035406 0.002008 0.115866 0.051924 0.000788 0.000954 0.557680 0.000009 0.001414 0.001710 0.604385 0.970920 0.021120 0.000973 0.616797 0.000009 0.034241 0.001578 0.000000 0.036336 0.001181 0.001045 0.616797 0.000009 0.001915 0.001694 -2.147000 0.917588
170 18763 16069013 0.017978 0.002193 0.557680 0.000018 0.032237 0.003933 0.283791 0.113746 0.003007 0.001531 0.557680 0.000018 0.005392 0.002745 -1.441987 0.646075 0.024122 0.001940 0.616797 0.000018 0.039108 0.003145 0.000000 0.027601 0.001549 0.002020 0.616797 0.000018 0.002511 0.003275 1.436699 1.362647
171 18763 16069014 0.012626 0.004727 0.557680 0.000037 0.022640 0.008476 -0.117072 0.330719 0.004363 0.003182 0.557680 0.000037 0.007823 0.005705 2.050040 0.889670 0.023330 0.004000 0.616797 0.000037 0.037825 0.006485 0.184284 0.132800 0.002832 0.004591 0.616797 0.000037 0.004591 0.007443 -0.731499 1.411885
172 18763 16069015 0.030054 0.012524 0.557680 0.000103 0.053891 0.022458 -0.634853 0.396936 0.013537 0.008971 0.557680 0.000103 0.024273 0.016087 -1.173394 0.821720 0.010371 0.009904 0.616797 0.000103 0.016815 0.016057 1.112971 0.986121 0.004260 0.012659 0.616797 0.000103 0.006906 0.020524 -2.839432 2.425486
173 18763 16069016 0.018999 0.001430 0.557680 0.000012 0.034067 0.002565 0.035504 0.068404 0.001441 0.001219 0.557680 0.000012 0.002583 0.002185 -2.349057 0.764406 0.022257 0.001289 0.616797 0.000012 0.036084 0.002090 0.000000 0.391186 0.002682 0.001305 0.616797 0.000012 0.004348 0.002116 -1.835950 0.529870
174 18764 16069023 0.023255 0.004167 0.521541 0.000029 0.044590 0.007990 -0.109077 0.162249 0.004969 0.003525 0.521541 0.000029 0.009528 0.006759 3.079380 0.572847 0.023754 0.003576 0.549517 0.000024 0.043226 0.006508 0.215621 0.117686 0.004260 0.003856 0.549517 0.000024 0.007752 0.007018 -1.116250 0.939614
175 18764 16069024 0.016110 0.001108 0.521541 0.000008 0.030890 0.002124 0.050022 0.062277 0.001266 0.000784 0.521541 0.000008 0.002427 0.001502 -1.555226 0.766871 0.022068 0.000978 0.549517 0.000006 0.040160 0.001779 -0.056351 0.035839 0.001297 0.001024 0.549517 0.000006 0.002361 0.001863 -1.999988 0.829167
176 18764 16069025 0.016895 0.000673 0.521541 0.000005 0.032394 0.001290 0.058011 0.036159 0.000628 0.000597 0.521541 0.000005 0.001204 0.001145 0.604666 0.774821 0.021732 0.000609 0.549517 0.000004 0.039547 0.001108 -0.001695 0.073803 0.001159 0.000657 0.549517 0.000004 0.002109 0.001196 -0.557108 0.533621
177 18764 16069026 0.017730 0.000737 0.521541 0.000005 0.033995 0.001413 0.173164 0.037981 0.001452 0.000548 0.521541 0.000005 0.002784 0.001051 1.308093 0.433188 0.022264 0.000650 0.549517 0.000004 0.040516 0.001183 0.000000 0.006717 0.000735 0.000673 0.549517 0.000004 0.001337 0.001224 -1.427674 0.979593
178 18764 16069027 0.018246 0.000771 0.521541 0.000006 0.034986 0.001479 0.016991 0.038469 0.000882 0.000683 0.521541 0.000006 0.001690 0.001310 0.628583 0.643881 0.020362 0.000696 0.549517 0.000005 0.037055 0.001267 0.000000 0.012678 0.000664 0.000771 0.549517 0.000005 0.001209 0.001404 3.095002 1.038952
179 18764 16069028 0.018863 0.000822 0.521541 0.000006 0.036167 0.001577 0.002058 0.187925 0.002814 0.000683 0.521541 0.000006 0.005395 0.001310 -0.328054 0.214565 0.022054 0.000711 0.549517 0.000005 0.040134 0.001294 0.000000 0.025412 0.001502 0.000777 0.549517 0.000005 0.002734 0.001415 -0.923120 0.523622
180 18764 16069029 0.017454 0.001446 0.521541 0.000010 0.033467 0.002772 -0.006518 0.216790 0.001237 0.001058 0.521541 0.000010 0.002372 0.002029 1.341502 0.978177 0.021029 0.001272 0.549517 0.000008 0.038268 0.002314 -0.040753 0.048475 0.001578 0.001377 0.549517 0.000008 0.002872 0.002505 0.824424 0.857110
181 18764 16069030 0.016576 0.001054 0.521541 0.000007 0.031782 0.002020 0.102579 0.057969 0.000668 0.000744 0.521541 0.000007 0.001280 0.001427 -1.561927 1.343399 0.021227 0.000932 0.550759 0.000007 0.038541 0.001692 0.000000 0.018299 0.003670 0.001048 0.550759 0.000007 0.006663 0.001902 -0.348857 0.262372
182 18764 16069031 0.015537 0.001396 0.523683 0.000010 0.029669 0.002665 0.147850 0.082391 0.001559 0.001001 0.523683 0.000010 0.002978 0.001912 1.523098 0.787266 0.020830 0.001245 0.569661 0.000008 0.036565 0.002186 -0.049064 0.048007 0.002110 0.001309 0.569661 0.000008 0.003703 0.002298 1.022220 0.641066
183 18764 16069032 0.018650 0.001769 0.523683 0.000012 0.035612 0.003378 -0.124447 0.085940 0.004437 0.001544 0.523683 0.000012 0.008472 0.002948 0.000000 0.507989 0.021735 0.001544 0.569661 0.000010 0.038153 0.002710 0.000000 0.131047 0.003294 0.001619 0.569661 0.000010 0.005782 0.002842 -1.917624 0.530361
184 18764 16069033 0.017629 0.001194 0.523683 0.000008 0.033664 0.002279 -0.099609 0.061481 0.001585 0.000976 0.523683 0.000008 0.003027 0.001863 1.007850 0.613327 0.022744 0.001078 0.569661 0.000007 0.039925 0.001892 -0.065396 0.038232 0.001967 0.001189 0.569661 0.000007 0.003454 0.002088 -0.253811 0.535471
185 18764 16069034 0.017711 0.000911 0.523683 0.000006 0.033820 0.001740 -0.015574 0.046542 0.001959 0.000653 0.523683 0.000006 0.003740 0.001247 -0.926278 0.387420 0.022050 0.000783 0.569661 0.000005 0.038708 0.001375 0.000000 0.021843 0.001197 0.000886 0.569661 0.000005 0.002102 0.001555 -0.642145 0.697038
186 18764 16069035 0.017800 0.000954 0.523683 0.000006 0.033990 0.001823 -0.098368 0.049118 0.000724 0.000780 0.523683 0.000006 0.001382 0.001490 0.663642 0.894946 0.020598 0.000803 0.569661 0.000006 0.036158 0.001410 0.000000 0.497929 0.000367 0.000916 0.569661 0.000006 0.000643 0.001608 -2.409883 2.227979
187 18764 16069036 0.020571 0.000874 0.523683 0.000006 0.039281 0.001669 -0.047045 0.038764 0.002437 0.000630 0.523683 0.000006 0.004653 0.001204 1.345054 0.304110 0.021455 0.000759 0.569661 0.000005 0.037663 0.001333 0.000000 0.005234 0.000888 0.000798 0.569661 0.000005 0.001559 0.001401 1.510126 0.962346
188 18764 16069037 0.022135 0.003438 0.523683 0.000023 0.042268 0.006564 -0.117865 0.140011 0.003522 0.002693 0.523683 0.000023 0.006726 0.005143 -2.275323 0.714709 0.016428 0.002871 0.569661 0.000020 0.028839 0.005041 -0.105228 0.141514 0.001583 0.003433 0.569661 0.000020 0.002779 0.006027 2.989247 1.840861
189 18764 16069038 0.017902 0.002854 0.516845 0.000015 0.034637 0.005523 -0.133999 0.144175 0.004102 0.002424 0.516845 0.000015 0.007936 0.004691 -0.255025 0.493354 0.018586 0.002472 0.540187 0.000015 0.034407 0.004576 -0.124790 0.108683 0.002451 0.002791 0.540187 0.000015 0.004537 0.005166 2.557592 1.062887
190 18764 16069039 0.017076 0.001018 0.528272 0.000006 0.032324 0.001927 0.121093 0.054402 0.001643 0.000947 0.528272 0.000006 0.003110 0.001792 0.118826 0.428011 0.021437 0.000936 0.540187 0.000006 0.039684 0.001733 0.000000 0.081147 0.001261 0.000933 0.540187 0.000006 0.002335 0.001727 -1.362469 0.791819
191 18764 16069040 0.023741 0.002770 0.528272 0.000017 0.044942 0.005244 0.132507 0.106912 0.002735 0.002010 0.528272 0.000017 0.005177 0.003804 2.145227 0.868081 0.018888 0.002450 0.540187 0.000015 0.034966 0.004535 -0.025147 0.105941 0.004421 0.002562 0.540187 0.000015 0.008184 0.004742 1.854149 0.618195
192 18764 16069041 0.017107 0.001013 0.528272 0.000006 0.032382 0.001917 -0.132532 0.054213 0.000975 0.000758 0.528272 0.000006 0.001845 0.001434 -0.859957 0.861164 0.023969 0.000896 0.540187 0.000005 0.044372 0.001658 0.000000 0.038058 0.003698 0.000984 0.540187 0.000005 0.006847 0.001822 0.578782 0.258136
193 18764 16069042 0.017427 0.000999 0.528272 0.000006 0.032989 0.001891 -0.067065 0.052053 0.001144 0.000709 0.528272 0.000006 0.002165 0.001342 -1.754021 0.735070 0.022689 0.000864 0.540187 0.000005 0.042003 0.001599 0.000000 0.016229 0.002369 0.000971 0.540187 0.000005 0.004386 0.001798 -0.644747 0.393095
194 18765 16069045 0.020498 0.001664 0.571906 0.000011 0.035842 0.002909 0.000000 0.611340 0.000342 0.001454 0.571906 0.000011 0.000599 0.002543 0.715440 3.687293 0.017225 0.001464 0.604176 0.000008 0.028510 0.002423 -0.021036 0.068113 0.004874 0.001664 0.604176 0.000008 0.008068 0.002754 -2.978403 0.303767
195 18765 16069046 0.009310 0.003715 0.571906 0.000026 0.016278 0.006495 -0.299086 0.360959 0.007336 0.003265 0.571906 0.000026 0.012827 0.005709 0.756135 0.395363 0.019852 0.003408 0.604176 0.000019 0.032858 0.005641 -0.009964 0.466388 0.006268 0.003738 0.604176 0.000019 0.010375 0.006187 -0.192156 0.516646
196 18765 16069047 0.020428 0.001424 0.571906 0.000010 0.035719 0.002491 -0.044871 0.062418 0.002730 0.001240 0.571906 0.000010 0.004774 0.002168 2.968390 0.380646 0.021330 0.001254 0.604176 0.000007 0.035304 0.002076 -0.087036 0.048027 0.000373 0.001317 0.604176 0.000007 0.000617 0.002180 1.104854 3.333478
197 18765 16069048 0.021650 0.003461 0.571906 0.000023 0.037856 0.006052 0.085864 0.141966 0.001389 0.002342 0.571906 0.000023 0.002430 0.004095 1.627141 1.923684 0.025137 0.002974 0.604176 0.000017 0.041605 0.004923 0.188259 0.092409 0.003771 0.003175 0.604176 0.000017 0.006242 0.005255 1.160447 0.877702
198 18765 16069049 0.019385 0.001143 0.571906 0.000007 0.033895 0.001998 0.177817 0.052869 0.001197 0.000928 0.571906 0.000007 0.002093 0.001623 -0.303013 0.655833 0.021506 0.000972 0.604176 0.000006 0.035596 0.001608 0.095255 0.035688 0.002072 0.001069 0.604176 0.000006 0.003429 0.001769 -0.865269 0.526824
199 18765 16069050 0.022079 0.007915 0.571906 0.000052 0.038605 0.013840 0.289416 0.320182 0.006750 0.006064 0.571906 0.000052 0.011802 0.010603 -2.171076 0.874661 0.027565 0.006714 0.604176 0.000039 0.045625 0.011113 0.221831 0.189683 0.022376 0.007688 0.604176 0.000039 0.037036 0.012724 0.702021 0.328870
200 18765 16069052 0.016385 0.007195 0.571906 0.000049 0.028650 0.012581 0.425642 0.402054 0.012190 0.005643 0.571906 0.000049 0.021316 0.009867 -0.709837 0.490125 0.030397 0.006415 0.604176 0.000037 0.050311 0.010618 0.000000 3.934372 0.014578 0.006541 0.604176 0.000037 0.024129 0.010825 -1.589910 0.497992
201 18765 16069053 0.019353 0.000830 0.571906 0.000006 0.033839 0.001452 -0.079944 0.038409 0.001297 0.000595 0.571906 0.000006 0.002268 0.001040 -1.657348 0.558406 0.020787 0.000735 0.604176 0.000004 0.034406 0.001217 -0.001124 0.175275 0.001259 0.000806 0.604176 0.000004 0.002084 0.001334 2.602075 0.607688
202 18765 16069054 0.018531 0.000755 0.571906 0.000005 0.032403 0.001320 0.045764 0.036345 0.001133 0.000675 0.571906 0.000005 0.001981 0.001181 0.581129 0.490532 0.021714 0.000684 0.604176 0.000004 0.035940 0.001132 0.000000 0.004610 0.001516 0.000755 0.604176 0.000004 0.002509 0.001250 -3.118458 0.443188
203 18765 16069055 0.020526 0.001409 0.571906 0.000009 0.035891 0.002464 -0.033150 0.061200 0.000713 0.001141 0.571906 0.000009 0.001247 0.001995 2.567706 1.527549 0.021087 0.001269 0.604176 0.000007 0.034901 0.002101 0.088305 0.047133 0.001405 0.001270 0.604176 0.000007 0.002325 0.002102 1.852617 0.977046
204 18765 16069056 0.022542 0.010793 0.571906 0.000070 0.039416 0.018872 0.258246 0.425194 0.026091 0.007468 0.571906 0.000070 0.045621 0.013058 -1.195627 0.360420 0.023955 0.009213 0.604176 0.000053 0.039649 0.015249 -0.178483 0.318169 0.033341 0.010528 0.604176 0.000053 0.055184 0.017425 -0.487878 0.300333
205 18765 16069058 0.029665 0.008449 0.571906 0.000055 0.051870 0.014774 -0.232723 0.259223 0.003826 0.005869 0.571906 0.000055 0.006689 0.010263 -1.008144 1.665725 0.026445 0.006862 0.604176 0.000042 0.043771 0.011357 0.782436 0.233156 0.001504 0.011415 0.604176 0.000042 0.002489 0.018894 2.652943 4.406816
206 18765 16069059 0.024245 0.004128 0.571906 0.000027 0.042393 0.007217 -0.061018 0.151213 0.003897 0.003021 0.571906 0.000027 0.006815 0.005282 2.110491 0.929475 0.028703 0.003755 0.604176 0.000021 0.047507 0.006215 0.101272 0.101914 0.015633 0.004103 0.604176 0.000021 0.025875 0.006791 0.259256 0.237396
207 18765 16069060 0.018020 0.000635 0.571906 0.000004 0.031509 0.001110 -0.005834 0.042779 0.001116 0.000484 0.571906 0.000004 0.001951 0.000846 2.262871 0.496311 0.020952 0.000576 0.604176 0.000003 0.034679 0.000953 -0.019850 0.021964 0.001781 0.000629 0.604176 0.000003 0.002948 0.001041 -2.811453 0.323251
208 18765 16069061 0.022053 0.002325 0.571906 0.000015 0.038561 0.004065 0.258073 0.095418 0.001884 0.001637 0.571906 0.000015 0.003294 0.002862 1.435944 1.027138 0.019438 0.002006 0.604176 0.000011 0.032173 0.003320 0.000000 0.133935 0.006702 0.002100 0.604176 0.000011 0.011093 0.003476 -1.763632 0.346786
209 18765 16069062 0.018009 0.000833 0.557512 0.000007 0.032302 0.001494 0.036041 0.041490 0.001602 0.000705 0.557512 0.000007 0.002874 0.001265 -0.372508 0.393713 0.020470 0.000739 0.543717 0.000005 0.037649 0.001359 -0.080791 0.029287 0.000680 0.000801 0.543717 0.000005 0.001251 0.001473 2.466514 1.123529
210 18765 16069063 0.019596 0.001079 0.557512 0.000008 0.035149 0.001935 0.066229 0.049543 0.000768 0.000816 0.557512 0.000008 0.001378 0.001464 -2.046047 1.095486 0.020257 0.000926 0.543717 0.000007 0.037256 0.001703 0.000000 0.012839 0.001942 0.001065 0.543717 0.000007 0.003572 0.001959 -2.758888 0.505822
211 18765 16069064 0.018319 0.000891 0.557512 0.000007 0.032859 0.001598 0.036997 0.043531 0.000597 0.000646 0.557512 0.000007 0.001071 0.001159 -1.097833 1.270179 0.020750 0.000805 0.543717 0.000006 0.038164 0.001480 -0.014881 0.030831 0.000698 0.000890 0.543717 0.000006 0.001284 0.001636 3.031157 1.120466
212 18765 16069065 0.021476 0.000927 0.557512 0.000007 0.038521 0.001664 0.057636 0.038638 0.000961 0.000677 0.557512 0.000007 0.001724 0.001214 -0.870339 0.785224 0.019705 0.000801 0.543717 0.000006 0.036242 0.001473 0.000000 0.176648 0.001341 0.000850 0.543717 0.000006 0.002466 0.001564 -2.032626 0.672135
213 18765 16069066 0.019847 0.000946 0.557512 0.000008 0.035599 0.001697 -0.041108 0.042638 0.001771 0.000705 0.557512 0.000008 0.003177 0.001265 2.221148 0.462468 0.021042 0.000847 0.543717 0.000006 0.038700 0.001558 -0.019095 0.032060 0.003315 0.000882 0.543717 0.000006 0.006098 0.001623 -0.956029 0.274871
214 18765 16069067 0.019705 0.001364 0.557512 0.000011 0.035345 0.002446 0.010481 0.090988 0.002056 0.001032 0.557512 0.000011 0.003688 0.001851 -2.050139 0.527585 0.021270 0.001172 0.543717 0.000008 0.039119 0.002156 -0.037558 0.044040 0.001854 0.001327 0.543717 0.000008 0.003409 0.002441 2.576728 0.674632
215 18766 16070002 0.016629 0.003557 0.594675 0.000021 0.027963 0.005982 0.113077 0.189255 0.005988 0.002947 0.594675 0.000021 0.010069 0.004955 2.846919 0.433070 0.026122 0.003081 0.563128 0.000023 0.046387 0.005471 0.089325 0.093195 0.007365 0.003535 0.563128 0.000023 0.013079 0.006277 -2.820733 0.432858
216 18766 16070003 0.017767 0.000551 0.594675 0.000003 0.029877 0.000927 -0.025341 0.027782 0.000481 0.000396 0.594675 0.000003 0.000808 0.000666 2.152291 0.970161 0.020932 0.000480 0.563128 0.000003 0.037170 0.000852 0.000000 0.002033 0.000530 0.000498 0.563128 0.000003 0.000941 0.000885 1.917041 1.010892
217 18766 16070004 0.019099 0.000672 0.594675 0.000004 0.032117 0.001129 0.033220 0.031410 0.001214 0.000526 0.594675 0.000004 0.002042 0.000885 1.118897 0.455886 0.021044 0.000596 0.563128 0.000004 0.037370 0.001059 -0.028971 0.022824 0.000674 0.000670 0.563128 0.000004 0.001197 0.001189 3.016001 0.881303
218 18766 16070005 0.017757 0.000721 0.594675 0.000004 0.029860 0.001212 0.083021 0.036263 0.000851 0.000635 0.594675 0.000004 0.001431 0.001068 -2.863701 0.581445 0.021715 0.000627 0.563128 0.000005 0.038562 0.001113 0.000000 0.004070 0.000237 0.000718 0.563128 0.000005 0.000422 0.001275 -2.908773 2.394751
219 18766 16070006 0.018488 0.000747 0.594675 0.000004 0.031089 0.001257 0.010064 0.036064 0.000207 0.000603 0.594675 0.000004 0.000348 0.001013 -0.361261 4.134690 0.021542 0.000631 0.563128 0.000005 0.038254 0.001120 0.000000 0.005014 0.001091 0.000678 0.563128 0.000005 0.001937 0.001204 -1.879013 0.671343
220 18766 16070007 0.023681 0.002665 0.594675 0.000016 0.039822 0.004481 0.104879 0.100307 0.004473 0.001914 0.594675 0.000016 0.007522 0.003218 2.015775 0.529923 0.020472 0.002375 0.563128 0.000017 0.036354 0.004218 0.000000 0.068395 0.001382 0.002664 0.563128 0.000017 0.002454 0.004731 0.058305 6.083296
221 18766 16070008 0.020205 0.000694 0.594675 0.000004 0.033976 0.001167 0.008847 0.030450 0.000943 0.000628 0.594675 0.000004 0.001585 0.001056 0.000000 4.833704 0.021495 0.000628 0.563128 0.000004 0.038172 0.001114 0.000000 0.026733 0.000190 0.000619 0.563128 0.000004 0.000337 0.001100 -1.368683 5.158401
222 18766 16070009 0.018796 0.000723 0.564286 0.000005 0.033310 0.001281 -0.021419 0.034342 0.000628 0.000566 0.564286 0.000005 0.001112 0.001003 0.944040 0.859786 0.022414 0.000617 0.562216 0.000005 0.039867 0.001098 -0.034187 0.022080 0.001218 0.000675 0.562216 0.000005 0.002167 0.001201 -2.200485 0.567707
223 18766 16070010 0.018609 0.000809 0.533730 0.000006 0.034865 0.001515 -0.058051 0.038804 0.001413 0.000725 0.533730 0.000006 0.002647 0.001359 -3.020712 0.400912 0.020828 0.000717 0.562216 0.000006 0.037046 0.001275 0.000000 0.038752 0.001252 0.000722 0.562216 0.000006 0.002226 0.001285 -1.508041 0.639698
224 18766 16070011 0.018570 0.002173 0.533730 0.000016 0.034793 0.004071 0.015911 0.170413 0.000151 0.005794 0.533730 0.000016 0.000283 0.010855 3.070400 3.318064 0.020817 0.001879 0.562216 0.000016 0.037027 0.003342 -0.040586 0.072341 0.004343 0.002007 0.562216 0.000016 0.007725 0.003569 -2.101067 0.484835
225 18766 16070012 0.018340 0.000870 0.533730 0.000006 0.034362 0.001630 0.030643 0.042560 0.001230 0.000668 0.533730 0.000006 0.002304 0.001251 2.442595 0.572614 0.021438 0.000766 0.562216 0.000006 0.038131 0.001363 0.109823 0.027971 0.000984 0.000869 0.562216 0.000006 0.001750 0.001545 -3.022357 0.787008
226 18766 16070013 0.017475 0.000903 0.533730 0.000006 0.032741 0.001692 0.021796 0.046184 0.000980 0.000721 0.533730 0.000006 0.001837 0.001351 -2.283379 0.684700 0.022646 0.000771 0.562216 0.000007 0.040280 0.001371 -0.036436 0.027331 0.001188 0.000898 0.562216 0.000007 0.002112 0.001597 2.909623 0.680498
227 18766 16070014 0.016972 0.001817 0.533730 0.000013 0.031798 0.003403 0.207536 0.096300 0.003247 0.001586 0.533730 0.000013 0.006084 0.002971 2.923436 0.414172 0.022091 0.001615 0.562216 0.000013 0.039293 0.002873 -0.079660 0.059383 0.004955 0.001719 0.562216 0.000013 0.008814 0.003058 -0.831535 0.349001
228 18766 16070015 0.019283 0.001676 0.533730 0.000012 0.036129 0.003139 0.057456 0.077700 0.003615 0.001447 0.533730 0.000012 0.006774 0.002711 0.664421 0.342654 0.020652 0.001487 0.562216 0.000012 0.036733 0.002645 -0.041400 0.057804 0.001266 0.001550 0.562216 0.000012 0.002252 0.002756 -1.019615 1.222729
229 18772 16070035 0.013477 0.002754 0.546033 0.000020 0.024681 0.005043 -0.016082 0.512137 0.004809 0.002009 0.546033 0.000020 0.008806 0.003679 2.300690 0.469852 0.020109 0.002346 0.543152 0.000015 0.037023 0.004318 0.000000 0.231702 0.002189 0.002486 0.543152 0.000015 0.004030 0.004578 1.552367 1.213522
230 18772 16070036 0.014921 0.004180 0.546033 0.000031 0.027327 0.007655 -0.018697 0.801355 0.001092 0.003581 0.546033 0.000031 0.001999 0.006558 0.816210 3.192536 0.014959 0.003707 0.543152 0.000023 0.027542 0.006825 -0.175276 0.208675 0.004284 0.003987 0.543152 0.000023 0.007887 0.007340 -0.707343 0.888378
231 18772 16070037 0.016446 0.003236 0.546033 0.000024 0.030119 0.005926 -0.114960 0.175868 0.002613 0.002474 0.546033 0.000024 0.004785 0.004531 -0.804369 1.009112 0.015794 0.002864 0.543152 0.000018 0.029078 0.005274 0.000000 0.291530 0.002496 0.003047 0.543152 0.000018 0.004595 0.005610 -0.868914 1.178382
232 18772 16070038 0.019228 0.002901 0.546033 0.000021 0.035214 0.005312 -0.022740 0.199766 0.002334 0.002114 0.546033 0.000021 0.004274 0.003872 -0.992317 1.046565 0.022394 0.002517 0.543152 0.000016 0.041230 0.004635 -0.190471 0.095294 0.001138 0.002633 0.543152 0.000016 0.002096 0.004848 1.300379 2.132884
233 18772 16070039 0.017961 0.000705 0.546033 0.000005 0.032894 0.001291 -0.040370 0.035201 0.000283 0.000532 0.546033 0.000005 0.000517 0.000974 -1.776362 1.984336 0.019988 0.000633 0.543152 0.000004 0.036800 0.001166 0.000000 0.005171 0.000581 0.000705 0.543152 0.000004 0.001070 0.001298 -0.071615 4.438277
234 18772 16071001 0.017793 0.000894 0.546033 0.000006 0.032587 0.001638 0.107668 0.045169 0.000399 0.000638 0.546033 0.000006 0.000731 0.001169 2.244750 1.733360 0.020308 0.000756 0.543152 0.000005 0.037390 0.001392 0.000000 0.055147 0.001647 0.000882 0.543152 0.000005 0.003032 0.001624 0.395922 0.487907
235 18772 16071002 0.017372 0.001018 0.546033 0.000007 0.031815 0.001864 -0.067425 0.052737 0.001910 0.000703 0.546033 0.000007 0.003499 0.001288 1.807265 0.466876 0.021188 0.000885 0.543152 0.000005 0.039009 0.001630 -0.038453 0.033792 0.000918 0.001003 0.543152 0.000005 0.001690 0.001846 -2.751957 0.999465
236 18772 16071003 0.015767 0.002179 0.546033 0.000016 0.028875 0.003990 0.194540 0.124957 0.000787 0.001736 0.546033 0.000016 0.001441 0.003180 2.468250 2.105030 0.025781 0.001976 0.543152 0.000012 0.047466 0.003639 0.107042 0.060505 0.001228 0.001966 0.543152 0.000012 0.002260 0.003620 -1.472713 1.650210
237 18772 16071004 0.015713 0.002949 0.546033 0.000021 0.028777 0.005400 0.163569 0.169458 0.003228 0.002218 0.546033 0.000021 0.005911 0.004063 2.376355 0.742795 0.020888 0.002580 0.543152 0.000016 0.038458 0.004750 0.107177 0.097062 0.007456 0.002696 0.543152 0.000016 0.013727 0.004963 1.866949 0.391809
238 18772 16071005 0.018817 0.003679 0.546033 0.000026 0.034461 0.006737 -0.093433 0.175521 0.005056 0.002689 0.546033 0.000026 0.009259 0.004925 2.367446 0.579859 0.025462 0.003090 0.543152 0.000019 0.046879 0.005689 -0.075857 0.098868 0.006385 0.003477 0.543152 0.000019 0.011756 0.006401 -2.307439 0.551748
239 18772 16071006 0.017150 0.001171 0.546033 0.000008 0.031408 0.002144 -0.053835 0.060900 0.000818 0.000943 0.546033 0.000008 0.001499 0.001727 2.608450 1.108150 0.021682 0.001027 0.543152 0.000006 0.039919 0.001892 -0.030425 0.038361 0.002376 0.001067 0.543152 0.000006 0.004374 0.001964 1.123264 0.481564
240 18772 16071007 0.016553 0.000864 0.546033 0.000006 0.030315 0.001582 0.088733 0.047192 0.002183 0.000710 0.546033 0.000006 0.003999 0.001300 -2.457040 0.282907 0.020861 0.000732 0.543152 0.000005 0.038407 0.001348 -0.017495 0.028327 0.000466 0.000805 0.543152 0.000005 0.000858 0.001482 -1.054292 1.634896
241 18772 16071008 0.019550 0.006071 0.528845 0.000048 0.036966 0.011480 -0.112031 0.274770 0.015614 0.005152 0.528845 0.000048 0.029526 0.009742 -2.540935 0.278398 0.019953 0.005302 0.534692 0.000036 0.037317 0.009915 0.150698 0.207173 0.011410 0.006055 0.534692 0.000036 0.021340 0.011324 -2.963779 0.479345
242 18772 16071009 0.014302 0.004117 0.528845 0.000032 0.027043 0.007785 -0.165300 0.256664 0.003539 0.003508 0.528845 0.000032 0.006692 0.006634 3.097224 0.792436 0.027121 0.003549 0.534692 0.000024 0.050722 0.006637 0.264274 0.102583 0.004357 0.004027 0.534692 0.000024 0.008149 0.007531 -0.531890 0.837873
243 18772 16071010 0.017338 0.001565 0.528845 0.000012 0.032785 0.002959 0.090069 0.081385 0.001350 0.001163 0.528845 0.000012 0.002552 0.002200 -0.831030 0.937034 0.019857 0.001359 0.534692 0.000009 0.037136 0.002541 0.000000 0.171234 0.002801 0.001447 0.534692 0.000009 0.005239 0.002707 -2.104112 0.544379
244 18772 16071011 0.021708 0.004521 0.528845 0.000036 0.041048 0.008548 -0.240999 0.187271 0.003135 0.003903 0.528845 0.000036 0.005929 0.007380 -3.137243 0.977037 0.014949 0.003884 0.534692 0.000027 0.027958 0.007264 -0.000000 0.650804 0.010602 0.004189 0.534692 0.000027 0.019829 0.007834 2.071136 0.415673
245 18772 16071012 0.023066 0.008258 0.528845 0.000069 0.043615 0.015616 0.755102 0.354802 0.012494 0.006013 0.528845 0.000069 0.023625 0.011370 1.846204 0.608325 0.016454 0.007520 0.534692 0.000052 0.030774 0.014065 -0.112296 0.363078 0.010994 0.007869 0.534692 0.000052 0.020562 0.014717 1.846837 0.772165
246 18772 16071013 0.044308 0.009645 0.528845 0.000076 0.083783 0.018237 -0.373823 0.197910 0.004045 0.007874 0.528845 0.000076 0.007649 0.014888 -0.314428 4.775476 0.015275 0.007718 0.534692 0.000057 0.028568 0.014434 -0.424014 0.462887 0.007854 0.008888 0.534692 0.000057 0.014688 0.016622 1.069601 1.163335
247 18772 16071014 0.013860 0.007649 0.528845 0.000061 0.026207 0.014464 0.018435 4.395082 0.008023 0.006541 0.528845 0.000061 0.015171 0.012368 2.954308 0.686656 0.015788 0.006563 0.534692 0.000046 0.029528 0.012275 -0.169370 0.343535 0.009208 0.006969 0.534692 0.000046 0.017221 0.013034 -1.635098 0.818969
248 18772 16071015 0.010281 0.005416 0.528845 0.000044 0.019440 0.010241 0.404776 0.487226 0.002602 0.004833 0.528845 0.000044 0.004919 0.009138 0.449427 1.294200 0.020037 0.004409 0.534692 0.000033 0.037473 0.008246 -0.547111 0.218046 0.011545 0.005274 0.534692 0.000033 0.021591 0.009863 -2.458965 0.452583
249 18772 16071016 0.018998 0.000976 0.528845 0.000008 0.035924 0.001846 0.060114 0.046243 0.000588 0.000722 0.528845 0.000008 0.001112 0.001365 -0.745582 1.235211 0.020961 0.000830 0.534692 0.000006 0.039202 0.001552 -0.009627 0.031613 0.003214 0.000909 0.534692 0.000006 0.006012 0.001700 0.968265 0.294421
250 18772 16071017 0.014802 0.003915 0.528845 0.000030 0.027989 0.007403 0.207384 0.237722 0.006013 0.003216 0.528845 0.000030 0.011371 0.006082 -2.604847 0.439973 0.019169 0.003284 0.534692 0.000023 0.035851 0.006141 0.181820 0.133703 0.012506 0.003531 0.534692 0.000023 0.023390 0.006603 1.319588 0.313309
251 18772 16071018 0.018824 0.001615 0.528845 0.000013 0.035594 0.003055 -0.085737 0.077081 0.004278 0.001427 0.528845 0.000013 0.008090 0.002699 -2.922289 0.262077 0.021857 0.001408 0.534692 0.000010 0.040877 0.002634 -0.060669 0.052366 0.003157 0.001478 0.534692 0.000010 0.005905 0.002765 1.129262 0.500784
252 18772 16071019 0.018826 0.005188 0.528845 0.000041 0.035598 0.009810 -0.131131 0.244116 0.004862 0.003710 0.528845 0.000041 0.009193 0.007016 1.506573 0.919950 0.021801 0.004628 0.534692 0.000031 0.040773 0.008656 0.199575 0.165906 0.005719 0.004658 0.534692 0.000031 0.010697 0.008712 1.391900 0.888253
253 18772 16071020 0.017777 0.005109 0.528845 0.000040 0.033614 0.009660 0.093539 0.254129 0.004197 0.004105 0.528845 0.000040 0.007935 0.007763 -0.519545 0.901779 0.015622 0.004425 0.534692 0.000030 0.029217 0.008276 -0.094896 0.228359 0.008342 0.004741 0.534692 0.000030 0.015601 0.008868 0.928449 0.590284
254 18772 16071021 0.017663 0.000908 0.528845 0.000007 0.033400 0.001717 0.022175 0.045929 0.001857 0.000742 0.528845 0.000007 0.003511 0.001403 2.612335 0.389836 0.020111 0.000810 0.534692 0.000005 0.037613 0.001514 -0.010182 0.032209 0.001804 0.000853 0.534692 0.000005 0.003374 0.001595 0.816632 0.478675
255 18772 16071022 0.018343 0.000962 0.528845 0.000008 0.034685 0.001818 -0.024029 0.047063 0.002537 0.000715 0.528845 0.000008 0.004797 0.001352 2.276136 0.321274 0.021775 0.000851 0.534692 0.000006 0.040725 0.001592 0.083181 0.030912 0.002022 0.000940 0.534692 0.000006 0.003781 0.001757 -0.568077 0.435550
256 18772 16071023 0.015772 0.001414 0.528845 0.000011 0.029823 0.002673 0.090324 0.080691 0.001773 0.001214 0.528845 0.000011 0.003353 0.002296 -2.602004 0.563467 0.020107 0.001222 0.534692 0.000008 0.037605 0.002286 -0.081693 0.049422 0.002358 0.001297 0.534692 0.000008 0.004410 0.002425 1.922916 0.587027
257 18772 16071024 0.017734 0.000998 0.566299 0.000008 0.031316 0.001763 0.000682 0.879392 0.000667 0.000763 0.566299 0.000008 0.001178 0.001348 1.020979 1.115417 0.020783 0.000848 0.540844 0.000007 0.038427 0.001568 -0.031436 0.032786 0.000332 0.000932 0.540844 0.000007 0.000614 0.001723 0.872450 3.325014
258 18772 16071025 0.018146 0.000987 0.566299 0.000008 0.032043 0.001743 0.042952 0.048943 0.000640 0.000899 0.566299 0.000008 0.001130 0.001588 -2.974930 1.076237 0.022584 0.000888 0.485684 0.000006 0.046500 0.001827 0.000000 0.008643 0.001053 0.000962 0.485684 0.000006 0.002167 0.001981 -2.670518 0.859360
259 18772 16071026 0.016277 0.001101 0.566299 0.000009 0.028742 0.001944 0.009024 0.101635 0.001719 0.000854 0.566299 0.000009 0.003035 0.001509 -2.210730 0.482414 0.018910 0.000928 0.485684 0.000007 0.038934 0.001912 0.000000 0.011842 0.000880 0.001072 0.485684 0.000007 0.001813 0.002206 2.525945 1.131796
260 18772 16071027 0.016776 0.001210 0.566299 0.000010 0.029625 0.002136 0.086812 0.064743 0.001903 0.001018 0.566299 0.000010 0.003361 0.001798 0.836307 0.493082 0.020974 0.001079 0.485684 0.000008 0.043184 0.002222 -0.079487 0.041753 0.001796 0.001096 0.485684 0.000008 0.003699 0.002257 -1.344531 0.661581
261 18773 16071035 0.000000 0.000000 0.576908 0.009049 0.000000 0.000000 0.000000 0.000000 0.000000 0.000000 0.576908 0.009049 0.000000 0.000000 0.000000 0.000000 0.000000 0.000000 0.603338 0.007699 0.000000 0.000000 0.000000 0.000000 0.000000 0.000000 0.603338 0.007699 0.000000 0.000000 0.000000 0.000000
262 18775 16071038 0.000000 0.000000 0.566584 0.002882 0.000000 0.000000 0.000000 0.000000 0.000000 0.000000 0.566584 0.002882 0.000000 0.000000 0.000000 0.000000 0.000000 0.000000 0.586252 0.002145 0.000000 0.000000 0.000000 0.000000 0.000000 0.000000 0.586252 0.002145 0.000000 0.000000 0.000000 0.000000
263 18776 16071042 0.016413 0.000510 0.521144 0.000004 0.031493 0.000978 -0.047938 0.027701 0.001699 0.000421 0.521144 0.000004 0.003259 0.000808 2.571336 0.248333 0.019489 0.000461 0.557827 0.000003 0.034938 0.000826 0.000000 0.003030 0.001135 0.000475 0.557827 0.000003 0.002034 0.000852 -2.169597 0.431298
264 18776 16071043 0.015854 0.001490 0.521144 0.000010 0.030422 0.002859 -0.174918 0.084392 0.003258 0.001228 0.521144 0.000010 0.006252 0.002357 0.794222 0.340982 0.020106 0.001285 0.557827 0.000007 0.036043 0.002304 0.000000 0.109398 0.002788 0.001494 0.557827 0.000007 0.004998 0.002678 0.075175 0.723017
265 18776 16071044 0.016279 0.000964 0.521144 0.000006 0.031237 0.001849 0.004951 0.139672 0.001634 0.000848 0.521144 0.000006 0.003135 0.001626 3.075140 0.424231 0.019107 0.000851 0.557827 0.000005 0.034253 0.001525 -0.026924 0.036108 0.001402 0.000902 0.557827 0.000005 0.002514 0.001617 2.268161 0.653690
266 18776 16071045 0.016340 0.001180 0.521144 0.000008 0.031354 0.002264 0.082215 0.064246 0.001546 0.001020 0.521144 0.000008 0.002966 0.001958 2.900487 0.568740 0.020327 0.001047 0.557827 0.000006 0.036439 0.001877 -0.046290 0.041841 0.000720 0.001050 0.557827 0.000006 0.001291 0.001882 -1.539045 1.540747
267 18776 16071046 0.020800 0.001187 0.521144 0.000008 0.039911 0.002278 0.073154 0.050820 0.001027 0.000897 0.521144 0.000008 0.001970 0.001721 1.267648 0.960295 0.019882 0.001047 0.557827 0.000006 0.035643 0.001877 0.000000 0.014054 0.001622 0.001150 0.557827 0.000006 0.002908 0.002062 0.582705 0.661368
268 18776 16071049 0.024536 0.003093 0.521144 0.000020 0.047080 0.005934 0.062133 0.111472 0.001603 0.002179 0.521144 0.000020 0.003075 0.004181 -1.756233 1.519431 0.019894 0.002613 0.557827 0.000015 0.035664 0.004684 0.000000 0.178717 0.000271 0.007938 0.557827 0.000015 0.000485 0.014229 2.375329 4.465656
269 18776 16071050 0.018721 0.001494 0.521144 0.000010 0.035923 0.002868 0.051219 0.071063 0.001604 0.001143 0.521144 0.000010 0.003078 0.002194 -0.595306 0.701392 0.018124 0.001259 0.557827 0.000007 0.032490 0.002257 0.000000 0.178662 0.002428 0.001443 0.557827 0.000007 0.004353 0.002587 -2.552420 0.568775
270 18776 16071051 0.016241 0.001066 0.521144 0.000007 0.031163 0.002045 -0.190293 0.058705 0.003387 0.000765 0.521144 0.000007 0.006498 0.001468 2.004150 0.281583 0.020341 0.000950 0.557827 0.000005 0.036464 0.001704 0.000000 0.045689 0.001714 0.001069 0.557827 0.000005 0.003072 0.001916 -0.059940 1.186331
271 18776 16071052 0.018342 0.000841 0.539212 0.000006 0.034017 0.001559 0.009681 0.043075 0.000422 0.000598 0.539212 0.000006 0.000783 0.001109 1.433643 1.589702 0.021164 0.000727 0.541486 0.000005 0.039085 0.001343 0.000000 0.010569 0.000560 0.000834 0.541486 0.000005 0.001035 0.001541 -2.898460 1.311029
272 18776 16071053 0.018731 0.000880 0.495028 0.000007 0.037837 0.001779 0.045014 0.041692 0.001564 0.000785 0.495028 0.000007 0.003159 0.001586 -2.905890 0.392156 0.020827 0.000775 0.541486 0.000005 0.038463 0.001431 0.000000 0.011260 0.001565 0.000838 0.541486 0.000005 0.002891 0.001547 -0.779781 0.522746
273 18776 16071054 0.016140 0.000943 0.495029 0.000007 0.032604 0.001904 0.007567 0.088761 0.000827 0.000730 0.495029 0.000007 0.001670 0.001474 2.566430 0.868241 0.019332 0.000803 0.541486 0.000006 0.035701 0.001483 -0.042311 0.033387 0.001230 0.000854 0.541486 0.000006 0.002272 0.001576 1.153313 0.743712
274 18776 16071055 0.018527 0.000870 0.495028 0.000007 0.037427 0.001758 -0.000000 0.183009 0.000373 0.000645 0.495028 0.000007 0.000753 0.001302 -1.817716 1.846240 0.021081 0.000768 0.541486 0.000005 0.038931 0.001418 0.000000 0.099020 0.001204 0.000774 0.541486 0.000005 0.002223 0.001430 1.489745 0.714680
275 18776 16071056 0.018462 0.000874 0.495029 0.000007 0.037295 0.001765 0.011782 0.041835 0.000377 0.000632 0.495029 0.000007 0.000763 0.001276 2.002430 1.913932 0.021282 0.000788 0.541486 0.000005 0.039302 0.001455 -0.011665 0.029578 0.000833 0.000785 0.541486 0.000005 0.001538 0.001449 -1.942891 1.016980
276 18776 16071057 0.011788 0.010793 0.495029 0.000085 0.023813 0.021803 -0.656336 0.847936 0.006586 0.009003 0.495029 0.000085 0.013305 0.018187 -0.341654 1.076939 0.032630 0.009396 0.486332 0.000062 0.067094 0.019320 -0.000000 1.320596 0.013824 0.010036 0.486332 0.000062 0.028425 0.020636 1.296667 0.788887
277 18776 16071058 0.017664 0.000953 0.495029 0.000007 0.035682 0.001925 -0.082318 0.047901 0.003656 0.000841 0.495029 0.000007 0.007385 0.001699 -2.831246 0.180766 0.019909 0.000832 0.486332 0.000005 0.040938 0.001712 0.000000 0.044237 0.001406 0.000877 0.486332 0.000005 0.002891 0.001804 0.948106 0.648448
278 18776 16071059 0.017356 0.001014 0.492842 0.000007 0.035216 0.002057 -0.024374 0.051749 0.002004 0.000808 0.492842 0.000007 0.004066 0.001640 -2.173375 0.397734 0.020084 0.000883 0.506909 0.000005 0.039620 0.001743 0.000000 0.009617 0.001995 0.000983 0.506909 0.000005 0.003935 0.001939 0.502437 0.462726
279 18776 16071060 0.017038 0.001499 0.492842 0.000011 0.034571 0.003042 0.118547 0.078389 0.002282 0.001231 0.492842 0.000011 0.004631 0.002498 2.552096 0.539013 0.021393 0.001356 0.506909 0.000007 0.042204 0.002674 0.000000 0.017491 0.002840 0.001485 0.506909 0.000007 0.005603 0.002929 -0.406586 0.468886
280 18776 16071061 0.016866 0.000925 0.492842 0.000006 0.034221 0.001877 0.048980 0.048798 0.001111 0.000654 0.492842 0.000006 0.002254 0.001328 1.335675 0.680572 0.020038 0.000784 0.506909 0.000004 0.039530 0.001548 -0.029241 0.031443 0.001318 0.000882 0.506909 0.000004 0.002600 0.001740 2.334217 0.654830
281 18776 16071062 0.015786 0.002761 0.492842 0.000019 0.032031 0.005602 0.190766 0.157253 0.002399 0.001918 0.492842 0.000019 0.004867 0.003892 2.143425 0.938699 0.019351 0.002326 0.506909 0.000013 0.038175 0.004589 0.000000 0.099920 0.006582 0.002487 0.506909 0.000013 0.012984 0.004907 -1.877670 0.418533
282 18777 16071069 0.019735 0.003044 0.605649 0.000018 0.032585 0.005025 0.291464 0.140143 0.004757 0.002416 0.605649 0.000018 0.007855 0.003989 0.964778 0.494455 0.018649 0.002624 0.593459 0.000013 0.031425 0.004421 0.000000 0.107404 0.007846 0.002747 0.593459 0.000013 0.013220 0.004630 -1.457272 0.389380
283 18777 16071070 0.025514 0.006187 0.605649 0.000039 0.042126 0.010216 -0.898156 0.249490 0.002583 0.004694 0.605649 0.000039 0.004265 0.007751 -1.787903 1.926213 0.017801 0.005578 0.593458 0.000029 0.029996 0.009399 -0.000000 5.933782 0.011118 0.006562 0.593458 0.000029 0.018734 0.011058 -2.850983 0.535913
284 18777 16071072 0.026797 0.004737 0.605649 0.000029 0.044245 0.007821 0.263903 0.161638 0.007402 0.003592 0.605649 0.000029 0.012221 0.005930 -0.743907 0.521889 0.009151 0.004171 0.593458 0.000021 0.015420 0.007029 0.123835 0.348396 0.004674 0.004404 0.593458 0.000021 0.007875 0.007421 1.099387 0.972311
285 18777 16071073 0.021856 0.007039 0.605649 0.000043 0.036086 0.011622 -0.071021 0.288529 0.010669 0.005390 0.605649 0.000043 0.017615 0.008900 -1.959943 0.546739 0.020674 0.006200 0.593458 0.000031 0.034837 0.010447 -0.017048 0.814404 0.008663 0.006922 0.593458 0.000031 0.014597 0.011664 0.455996 0.720775
286 18777 16071074 0.016635 0.006417 0.605649 0.000040 0.027466 0.010595 -0.470723 0.357873 0.007544 0.005808 0.605649 0.000040 0.012456 0.009590 -2.928920 0.598715 0.020851 0.005711 0.593458 0.000029 0.035135 0.009624 -0.080115 0.219885 0.016967 0.005976 0.593458 0.000029 0.028591 0.010070 -1.190637 0.378089
287 18777 16071076 0.016172 0.001413 0.605649 0.000009 0.026702 0.002332 -0.022305 0.078348 0.003332 0.001248 0.605649 0.000009 0.005501 0.002061 2.904545 0.323306 0.020486 0.001279 0.593458 0.000006 0.034520 0.002155 0.000000 0.028451 0.000920 0.001405 0.593458 0.000006 0.001550 0.002368 2.902949 1.350155
288 18777 16071077 0.019144 0.000765 0.605649 0.000005 0.031609 0.001264 0.003217 0.100475 0.001870 0.000674 0.605649 0.000005 0.003088 0.001114 -2.775992 0.284994 0.020730 0.000667 0.593459 0.000003 0.034932 0.001124 0.000000 0.004995 0.000696 0.000692 0.593459 0.000003 0.001173 0.001166 -1.723501 1.070021
289 18777 16071078 0.016916 0.000771 0.605649 0.000005 0.027931 0.001273 0.033860 0.041041 0.000428 0.000619 0.605649 0.000005 0.000707 0.001021 -2.198684 1.356855 0.020201 0.000669 0.593458 0.000003 0.034040 0.001128 0.000000 0.004768 0.001444 0.000699 0.593458 0.000003 0.002434 0.001178 -1.839118 0.528261
290 18777 16071079 0.017529 0.000779 0.605649 0.000005 0.028943 0.001286 -0.047568 0.040035 0.001262 0.000623 0.605649 0.000005 0.002084 0.001029 0.959702 0.479809 0.021993 0.000676 0.593458 0.000003 0.037059 0.001140 -0.052975 0.025004 0.002666 0.000749 0.593458 0.000003 0.004493 0.001263 -2.498074 0.274861
291 18777 16072001 0.018636 0.000823 0.605649 0.000005 0.030771 0.001360 0.015214 0.039761 0.000764 0.000709 0.605649 0.000005 0.001261 0.001171 3.139483 0.737400 0.020142 0.000706 0.593458 0.000004 0.033940 0.001189 0.000000 0.012868 0.001942 0.000815 0.593458 0.000004 0.003272 0.001373 2.728571 0.386699
292 18777 16072002 0.015931 0.000883 0.605649 0.000005 0.026304 0.001458 0.090520 0.050011 0.000214 0.000698 0.605649 0.000005 0.000353 0.001153 2.542335 4.339191 0.021140 0.000772 0.593458 0.000004 0.035622 0.001301 0.000000 0.010210 0.000385 0.000848 0.593458 0.000004 0.000649 0.001429 2.385821 1.988080
293 18777 16072003 0.017233 0.000871 0.523858 0.000006 0.032896 0.001662 0.022723 0.045296 0.000875 0.000784 0.523858 0.000006 0.001671 0.001497 -2.844919 0.698480 0.021822 0.000775 0.539994 0.000005 0.040411 0.001434 0.000000 0.012000 0.000739 0.000787 0.539994 0.000005 0.001368 0.001457 1.273369 1.131336
294 18777 16072005 0.027978 0.007693 0.574344 0.000052 0.048712 0.013395 -0.045059 0.331138 0.020595 0.005464 0.574344 0.000052 0.035858 0.009513 1.872985 0.334150 0.031815 0.006541 0.542887 0.000061 0.058603 0.012048 -0.340643 0.184351 0.021588 0.007171 0.542887 0.000061 0.039765 0.013210 0.868874 0.344037
295 18777 16072006 0.019838 0.001174 0.574344 0.000008 0.034540 0.002045 -0.052227 0.053305 0.001374 0.001028 0.574344 0.000008 0.002392 0.001790 3.107261 0.600529 0.021200 0.001025 0.542887 0.000009 0.039050 0.001889 0.000000 0.027639 0.001542 0.001064 0.542887 0.000009 0.002840 0.001959 1.726086 0.749630
296 18777 16072007 0.019052 0.000829 0.574344 0.000006 0.033172 0.001443 -0.029542 0.039029 0.000840 0.000701 0.574344 0.000006 0.001463 0.001221 0.728736 0.720500 0.020222 0.000727 0.542887 0.000006 0.037250 0.001339 0.000000 0.016759 0.001217 0.000828 0.542887 0.000006 0.002242 0.001525 0.033598 4.111933
297 18777 16072008 0.019393 0.000847 0.574344 0.000006 0.033765 0.001476 -0.027772 0.039260 0.001298 0.000703 0.574344 0.000006 0.002260 0.001224 2.635436 0.521099 0.020048 0.000762 0.542887 0.000007 0.036929 0.001403 -0.028138 0.030540 0.001801 0.000792 0.542887 0.000007 0.003317 0.001460 -2.264514 0.453544
